% # columns="iter, evals, sigma, 0, fitness, xbest" seed=509605, Wed Apr  8 20:39:51 2020, <python>{}</python>
1 10 0.4579760725210298 0 461.18287636286146 9.437611529717095 15.901610189467744 0.8507811511773655 0.2701545554342292 14.542790595990587 23.746079890959347 0.6631960379635115 0.21565804185049373
2 20 0.48227340583899375 0 357.8370239649114 9.180490358596131 16.09868045713348 0.9998104186869854 0.14140993190363976 14.530642038152806 24.0369438977915 0.5639797645722013 0.14505714214552612
3 30 0.47590264643462327 0 357.69676164950863 9.273503269355453 15.939563432849342 0.7104799456939068 0.05746117058145039 14.512349601676714 24.146263459606594 0.9706322454912958 0.12505138256861204
4 40 0.45020905974955067 0 336.84195894554574 8.885778840293101 16.09921202764863 0.8847565366985422 0.10884473504325357 15.066032787951958 24.125085754679745 0.9868183661778276 0.2284916700147745
5 50 0.4098589493669177 0 323.70259819875463 9.04045421068684 16.208768054591207 0.9769430919974367 0.06362356691912938 14.90823759512686 23.839684653428833 0.8462229836900128 0.2827141960201563
6 60 0.3613027063008541 0 348.0256985615571 9.737556255670373 16.30735778675431 0.7992023949973324 9.468452273898929e-05 13.515130673131676 23.78418793554193 0.991030175147912 0.03319223971380471
7 70 0.33544212626282793 0 323.91114542384656 9.862452122908316 16.104621883014374 0.9885226050744375 0.16493268461302008 14.131928085619318 23.521112890231297 0.9478258975030612 0.06919253244871476
8 80 0.324034573933346 0 313.9862831237134 9.88166823330429 16.692516302528514 0.9338274541633239 0.12149118682173729 14.60856648886266 23.56223219622836 0.8479962775460503 0.07444238572172826
9 90 0.323754533181655 0 285.6545852279244 10.14878279464225 16.475461396027008 0.9999583793155158 0.01786679010535219 13.88481668970127 23.319432257791757 0.77721042991105 0.0008917775052781219
10 100 0.31777905173723275 0 281.99624829826155 10.26630397157142 16.730753861993804 0.9686494153140032 0.030556674583078487 14.233995858681627 23.51285079405549 0.7855597183261442 0.022106017232648965
11 110 0.31516702690716714 0 280.7067992304229 10.728801432304339 16.244567988492626 0.9753257278735366 6.234648717489033e-05 14.221988568541278 23.345163453704032 0.856036762144741 0.0513547151693281
12 120 0.32077049738486213 0 284.8166227645594 10.983585850616638 15.645324424164164 0.9822293812713772 0.014326083328750844 14.511037632111053 23.259128644400565 0.7053481684442716 0.002426269968238016
13 130 0.29803875664380913 0 283.61334691317245 10.944697813070283 15.97272508418436 0.9365152837776346 0.012280782784653894 14.053751077518363 23.164335053130415 0.7683596089904586 0.04103210376309192
14 140 0.27530387595992806 0 298.4086579489337 10.400303578062688 16.492597902142496 0.876443751628172 0.01877495955752225 14.137842453710666 22.867057643754816 0.8415092364241034 0.09389385270363104
15 150 0.2603986768104788 0 286.5381980281869 11.138433336883912 16.35730244118873 0.9315908080628029 2.830375953663584e-05 13.882214466783822 22.981336275755755 0.9252415349156291 0.10616670535197648
16 160 0.23714493078214133 0 278.55051182914065 10.625571145790461 16.51330306126848 0.999995812615113 0.033886428539347625 13.712734272315293 23.042346750572165 0.7923523785985842 0.04277011719258163
17 170 0.2331458566472993 0 295.097125598761 10.114554017431216 16.292628217093974 0.9999432923660004 0.002323760647144008 13.91110998003972 23.366648001942988 0.6697566683225358 0.13185731049622382
18 180 0.2182416547156925 0 301.515465820834 10.747670029079247 16.09638609800507 0.9362148845604253 0.0002145135569675982 13.750396908513563 23.03335181003042 0.8411868668944579 0.0006874043113392936
19 190 0.1974315271915535 0 280.0182310276556 10.431620912068308 16.14448530686084 0.9955709630564069 0.04186182851319579 13.799944633814505 23.076939278880648 0.7892749303397681 0.04397714172420419
20 200 0.19565494310520362 0 297.9668084760369 9.897578597047504 16.5399868907732 0.9088013538751023 0.007964866726844358 13.589221173199729 22.91929732486111 0.7776044109998499 0.00022153649599762425
21 210 0.19051926319644574 0 292.79705463479166 9.902731817719689 16.300992307511024 0.9725533276781938 0.03562747629432402 13.686924087931148 23.16634242238919 0.9787418299304756 0.19322123578028705
22 220 0.19151331885667497 0 282.92053253656445 10.284636063643589 16.592447771348052 0.9891056489190222 0.04324748711879799 13.701146816446608 22.81112517872396 0.7527964311506078 0.007915943056734692
23 230 0.19516264771064573 0 277.5019201575269 10.487421038304996 16.37687223667827 0.9998010967170305 0.021460382878475064 13.578417955940683 22.35052633826976 0.7782167627213584 0.03356013169795431
24 240 0.1926529514537295 0 279.5072301645861 10.397666493837459 16.523891201797074 0.9858447993077695 0.004754337975174822 13.718213103521006 22.548895871408394 0.7692530023651436 0.013595589489922741
25 250 0.19278954753999666 0 286.2006583605239 10.295207281727432 16.757982138118937 0.990441423098941 0.05695507567907035 13.62436628947404 22.817466775247958 0.8519764044092464 0.0988657179514762
26 260 0.18624150821628493 0 280.0458979355828 10.691385582211462 16.656448866484276 0.9412909161639911 2.0065055279955088e-11 13.70827429824764 22.820256230918996 0.8187369643306376 0.06008045284581964
27 270 0.16609103969377 0 277.4722153118466 10.298945873673937 16.64152622043935 0.985823943090536 4.484578849163373e-05 13.628580003746256 22.540029956398513 0.7841389677725008 0.0792949210380752
28 280 0.15277067223035107 0 278.93756620722934 10.530092112395229 16.201730029901444 0.9575490058241021 2.0809804690680748e-05 13.85299345185993 22.63819986944912 0.7648811346049816 0.02663566537514104
29 290 0.1463714090175343 0 278.6121014618011 10.175394714821849 16.35949928185417 0.9993256808827228 0.016791729077047426 13.807721263552406 22.705101914426255 0.8042158764240471 0.08954087156758392
30 300 0.1396996226904716 0 278.2314977472116 10.202273309761697 16.48382392539955 0.9951833353650301 0.00028833242875113467 13.720976741745373 22.715625085753988 0.7406267445268193 0.05135791972439322
31 310 0.13105780613157586 0 277.9538589650766 10.371020564509752 16.428222783763335 0.9969844774095576 0.007995301743003232 13.602806661540441 22.690890274206243 0.7563390755733519 0.06563863331604296
32 320 0.12241315118834142 0 278.4660513425285 9.883956186544903 16.494958342076742 0.9995953674673532 0.003999379692970773 13.816514187761678 22.75862045536473 0.7986690489971774 0.05941082418552348
33 330 0.11666902619863544 0 280.2843871840811 9.85872053499737 16.473503379410833 0.9961457712484485 0.017100540590615814 13.8078172375241 22.774111497874955 0.8488413528948423 0.05663554968586835
34 340 0.11136590733183295 0 277.1290851284741 9.975427757452358 16.401910473724705 0.976188337101064 0.005587685509249988 13.887998434319838 22.816113393847072 0.7947234418512517 0.04876286639971722
35 350 0.10028321815669955 0 277.6137755658418 10.166390203285681 16.38365586313391 0.9997303009872681 0.019381945764589247 13.93465740883697 22.740521200212203 0.7909001931092926 0.06446235765729294
36 360 0.09816133600922325 0 279.92142350085464 10.233583198734049 16.47282099197051 0.9666381062048527 0.0030738131584822567 13.8202907799746 22.780661773716737 0.7635188971237551 0.08095134569114122
37 370 0.09369535416888103 0 280.1057952814088 10.192071683486219 16.406670792694587 0.9568421028213133 0.0023430318653782927 13.923136145148048 22.715413142817876 0.8003626490329483 0.0913932792899698
38 380 0.08975642523220935 0 277.99126812878376 10.265536811010174 16.486129913291844 0.9934143406103112 0.0006543523552521039 13.862491769602359 22.563322178479943 0.7628887271440389 0.06980138276345584
39 390 0.08265104013373446 0 278.3776540955347 10.111875911128859 16.52133897894359 0.9955852779519696 8.5078474808122e-07 13.81859704504358 22.70370957652462 0.7781474285587621 0.07514834497967693
40 400 0.0802729586977987 0 277.38467863047805 10.234246309445094 16.58682807210627 0.9955289992698226 0.003334545588009901 13.815317072869737 22.70553054650835 0.7805047617063281 0.05464142903481391
41 410 0.07441886876881107 0 277.0887748739407 10.3456111864574 16.511785308540134 0.9735049839390093 0.00010279808854041128 13.799333044342845 22.66073021006988 0.7671940298196029 0.054950827044223396
42 420 0.0779651075306874 0 277.31066253089864 10.594024857185003 16.418199245984365 0.9788320132466763 0.0001122166006938526 13.785843315889343 22.607874917670163 0.7564419620424531 0.02932801758684326
43 430 0.07342250333621253 0 277.5461982845519 10.547310544117398 16.462201511449653 0.9824036439472887 0.0009646183675327032 13.798553515116746 22.595571286616387 0.7927086884294544 0.08330988175270745
44 440 0.06679807887273964 0 276.9845009704948 10.559013453622484 16.421297526373465 0.9856514328680842 0.0024979162657464936 13.84118559104724 22.630337755764096 0.7656913226496777 0.03439880002638066
45 450 0.06458911007615102 0 276.8093812551982 10.599175539863921 16.484248953527125 0.9875036073161136 0.0015199071153465587 13.69669626771218 22.672301572961228 0.7814356688417619 0.046060027345940106
46 460 0.058354031349624344 0 276.96883105917755 10.313250708501332 16.44748903932048 0.9899317166752784 0.0002300613126974587 13.769286645466517 22.686186069970212 0.7726939020521707 0.04917459835767879
47 470 0.061051809044359424 0 276.8794474836428 10.40666531573143 16.475151047970176 0.985098505733127 0.0035083267680534485 13.899216476019665 22.690739559376297 0.7864384671729299 0.06372273675860475
48 480 0.05742197787896141 0 276.82631962753527 10.551248425262633 16.36971071299617 0.9829617322514705 0.00034241348572865344 13.888918723934202 22.613223445535816 0.7948328980798482 0.0484755388237779
49 490 0.05418817052635881 0 276.82926941350496 10.486385568272615 16.37723595151102 0.9834178252638286 0.0027503970899793325 13.961474713776918 22.679851219088754 0.7906942653659996 0.06342165703190443
50 500 0.05447451856534117 0 276.78085609927706 10.637424810958084 16.442563176714824 0.9776161392202102 0.0020525062331072847 13.934942751091315 22.60037978634012 0.7850646778408361 0.04495471120458144
51 510 0.053167620675232216 0 276.7970807993461 10.58662225573131 16.42837980360327 0.9849260940847164 2.4490952899682854e-05 13.929738182676813 22.606043636289083 0.778098084236629 0.042040480902621746
52 520 0.050658694263197954 0 276.7748098930284 10.569875338807574 16.43118526965709 0.981552451606453 3.189521308919194e-06 13.969511640139178 22.572959936181956 0.7624717545167734 0.04092046071591285
53 530 0.04781539840493482 0 276.65211394119933 10.534414846148223 16.414293289436806 0.9800364686089665 0.0007636290329973494 13.909553763268182 22.545367719086947 0.7726962715996495 0.047371766813493726
54 540 0.04136549534052244 0 276.62979168800666 10.563139963910295 16.448200666507468 0.9798392244314531 0.0003523750058732914 13.8789812654938 22.56286066350063 0.7739423733188006 0.047200077994260424
55 550 0.040487578631402024 0 276.76632500739333 10.573016614031449 16.44776823891204 0.9788614310435438 0.0001997283274936939 13.951975216581012 22.54447911924596 0.801834018471638 0.05987339307007927
56 560 0.038188083862016754 0 276.63176021082967 10.534884398749659 16.482726403820138 0.9792962952597606 0.0006282513624407397 13.937788054351726 22.556562833716093 0.7880802170852775 0.054173027352001114
57 570 0.03608094655961586 0 276.7419455078226 10.539502545259008 16.4369533047716 0.9848051989093843 6.986685987885717e-06 13.971993366603636 22.567711600745472 0.7651355659489998 0.048835000649128844
58 580 0.03367373416402852 0 276.627544590723 10.535396193847754 16.441602356509893 0.978200504917994 0.00022989543119190595 13.93018084161174 22.588703382937876 0.7866708933475252 0.05385574152607056
59 590 0.030812079402433096 0 276.6695836555947 10.619801802670116 16.419319675685948 0.977499203727713 0.00010978352019764046 13.949558997384418 22.578936276398167 0.7885594434502196 0.05791179147873494
60 600 0.02815423007963639 0 276.6165668415587 10.611345353985334 16.452233370083324 0.9802611467828316 7.768659832976847e-07 13.991962824424629 22.534393092439043 0.7835725270215551 0.056493646462756085
61 610 0.02455089181581426 0 276.6327663751187 10.593520987503886 16.431691588944325 0.9801278730942586 0.0005716951969407814 13.92671972569703 22.54254453233386 0.7896743801380172 0.05500661956794022
62 620 0.025282651472537134 0 276.6702589145362 10.555216625700579 16.420465338292377 0.9793645403884316 5.006090106078938e-06 13.93624541245988 22.579565757687767 0.7934688567508809 0.05205913986320278
63 630 0.024825931493773084 0 276.6296219568068 10.596132165528536 16.421260952662603 0.9790501921865457 0.0004974373446480253 14.058403588431716 22.528071001343655 0.7840757379065845 0.0543294010324101
64 640 0.02599229142396137 0 276.6201278976059 10.621433581996266 16.40756922321395 0.9792234504385966 0.00036255744791574264 14.030819852947303 22.490927960709225 0.7849212173199506 0.049491144886530856
65 650 0.023052802404676647 0 276.58894359913285 10.592385027208698 16.43611772453948 0.9813257591248664 3.625520796489857e-05 13.92526267328465 22.534203914220036 0.7786922154066261 0.050169795544038845
66 660 0.020638583215775802 0 276.5997338955458 10.588734081583807 16.436152615542323 0.9806323566575935 2.5917455311726505e-07 13.992958972744274 22.5313323035694 0.7762973147673309 0.048496822018821495
67 670 0.018278466712521726 0 276.60054483485067 10.562527659166435 16.42601208237177 0.9801539802861604 2.2489801025347538e-05 13.994825915690853 22.51183457942739 0.7774631033617766 0.04807080419119108
68 680 0.015861552793895117 0 276.5885839561937 10.582485488939465 16.42041377066417 0.9803055723168882 1.4717095233772355e-07 13.973038031261826 22.527635535956357 0.7822992704857754 0.050521121252108336
69 690 0.01410345408992849 0 276.5958854783222 10.562199001375378 16.42808906799446 0.9806263737601314 1.735480660755774e-05 13.997298694721472 22.52297976087959 0.784676164214337 0.05416821302439222
70 700 0.011814191484089704 0 276.5913323402074 10.588332539046563 16.421813988005816 0.9806567875251495 7.988338193922035e-06 14.00689754291855 22.521439210106248 0.7844210681554776 0.052616738252442695
71 710 0.01065640874730656 0 276.58919488630914 10.586758345840925 16.418322136644882 0.9804497706642252 1.413423748794285e-07 13.980545198572246 22.529468527362326 0.7835448871690107 0.051447705879697964
72 720 0.010730774269729303 0 276.5876822790398 10.611421354467415 16.416695768614474 0.9807606196498757 3.3781203922707083e-05 14.00655123585378 22.519481019195293 0.7814079871763372 0.051061589488366206
73 730 0.009530494482797983 0 276.5875285944959 10.578263607253017 16.429767085135655 0.980836903321534 6.402257810994592e-08 13.975563786734028 22.53558498257285 0.7816968114406897 0.05069574827517577
74 740 0.008827522993413632 0 276.5890272026419 10.59332409286522 16.417532801797673 0.9813288259352144 1.660499501459242e-08 13.993564712599673 22.52618093624439 0.7822535942126301 0.05182727057949699
75 750 0.008105471512552389 0 276.588038022914 10.61491833310943 16.41482208873852 0.9812116309060881 1.94702970703367e-05 13.986986634426065 22.517828757305953 0.7814085594918726 0.0507874760626796
76 760 0.008049932789196211 0 276.58781832253965 10.579591811740372 16.42180416001431 0.9808936141020609 4.271741660276027e-06 13.956645937082502 22.543401359351932 0.7825733493878388 0.05133390456827063
77 770 0.008400600859250498 0 276.5860514747948 10.614695761941748 16.412141441005772 0.9808811613675424 8.626047297139335e-07 13.997233267589666 22.50429835931509 0.7818070468332904 0.051622249762438455
78 780 0.00884725963330724 0 276.58595897789576 10.597926361040178 16.418423618837714 0.9808983344318227 7.6667745215955e-06 13.975149477055394 22.51411604966337 0.7809578182118836 0.05096892936334177
79 790 0.009862642511765333 0 276.58606165802667 10.631412431998731 16.409946169924943 0.9812216108159462 5.00623192495687e-07 13.979477749743442 22.48873462001941 0.7823657673823325 0.05175657937576452
80 800 0.009575485256182922 0 276.5870488697962 10.628374428596306 16.408109911204665 0.9809765770662752 1.3411828087903803e-05 14.00355634050958 22.48071028062724 0.7829447847123379 0.05242052395224091
81 810 0.00932137719414939 0 276.5873130035866 10.60379803386221 16.415536484992206 0.9804783237587766 7.50994744236448e-08 13.975059901653163 22.50245568968128 0.7837146915739454 0.05202932571041246
82 820 0.009375342922290667 0 276.5865117011612 10.636504721148555 16.407555943368624 0.9804463610929179 2.697337830296653e-05 13.97946390695775 22.484175311743765 0.783022106719215 0.05243570255743592
83 830 0.009205954044756895 0 276.5847153228315 10.630502188073205 16.408927564444788 0.9807486949898085 3.655047447045691e-06 13.997880411052595 22.466562209334754 0.7814939703912845 0.050638864054325806
84 840 0.009032952355070342 0 276.58466999384405 10.634165260672646 16.405198091907767 0.9805118987990753 3.11381503125754e-05 13.987921158459999 22.463319038267233 0.7821397479958005 0.051271570789406515
85 850 0.008611888395505968 0 276.58481179860246 10.636752786304022 16.412714386512963 0.9810251327925125 8.689312350402756e-07 13.983631250261253 22.47587478747383 0.7804407670026328 0.05041390242037552
86 860 0.007724598080212152 0 276.5851902568111 10.637715031890872 16.408687528145986 0.9811738268067063 8.141578811661478e-06 13.993116550521373 22.468996331023927 0.7802278122067924 0.05063879691358455
87 870 0.007298320683946383 0 276.584788760381 10.644019929022216 16.40537798762396 0.9807705559340688 7.188920348759574e-06 14.013390259029013 22.458728677295092 0.780820470474801 0.0516850067187454
88 880 0.006904529772515946 0 276.5845946031743 10.651041861227093 16.408354881454333 0.981161670863963 2.8020862854141317e-06 13.997653750913985 22.456113916305235 0.7800670784072903 0.051290820853545166
89 890 0.006338123432614372 0 276.5840631193092 10.631881319833907 16.413720851102056 0.980753053854002 4.2485523509600884e-07 13.985216252300523 22.470948780532535 0.7815672841604039 0.05078052467967824
90 900 0.005878884070276313 0 276.58427225391233 10.641218130060343 16.411534862846207 0.9811374807041483 4.408019264253635e-06 14.011379507674459 22.451051792342312 0.7807877720785976 0.05140811409660154
91 910 0.0051227246159115634 0 276.583764399084 10.644618834705799 16.41217561553207 0.980894141221391 1.8299828136563743e-09 13.998376781952125 22.455251171356203 0.7813093972999462 0.05069746479386573
92 920 0.0049172571760376545 0 276.58373459320217 10.642747218394002 16.410730444653687 0.9805790660865334 1.2104583569954035e-05 14.006535128617008 22.448369975877842 0.780875123393994 0.05129924690012088
93 930 0.00445231885806997 0 276.58349710134485 10.656993227053974 16.40997785264504 0.9810887217917137 4.242847821447329e-06 14.004315885322084 22.445638198048083 0.780543323445365 0.051012484917983145
94 940 0.004222145601580582 0 276.5834003493376 10.657556847051307 16.409457105503773 0.9806946851280679 1.1355322861308642e-05 14.005592591861765 22.44334901739893 0.7806710549205179 0.05137787706894738
95 950 0.0044406157529597095 0 276.58258647394103 10.65512490341794 16.412049577163412 0.9807128745378715 6.2637298871076345e-06 14.005133274489795 22.437019977915764 0.7819167608655013 0.05147324606920498
96 960 0.005017037424116709 0 276.58216988372874 10.650339587858781 16.415056911614215 0.9806426737323538 5.1005922150230065e-09 14.010160891567942 22.42616022889411 0.7812856971496546 0.050860966363973685
97 970 0.005151111424461242 0 276.58201380226444 10.657595890357403 16.412034368725035 0.9808174151880616 6.379306862417653e-09 14.007685117173196 22.42554807498941 0.780755589874662 0.05116302824490135
98 980 0.0051864428836511595 0 276.5819796125247 10.653744363135555 16.414439431659538 0.9805690406177965 1.258464624439751e-07 13.99596869085842 22.431017524390217 0.7816825793456351 0.05096913526048551
99 990 0.005559974335947725 0 276.58078537443663 10.678186267719571 16.412276839006072 0.9808765009904079 2.7712481808610343e-07 14.009127763286338 22.404897543973075 0.7810296770170547 0.05136209299226021
100 1000 0.006393753853382741 0 276.58056574443003 10.67567987515011 16.414316997512966 0.98075114896411 4.783959124971165e-06 13.999873617105928 22.408179015067027 0.7812981642000909 0.051176441134674545
101 1010 0.0070306536353961484 0 276.58046215509717 10.683079566942325 16.412965693637528 0.9807982614045243 1.0367040417266409e-06 13.995181793975734 22.392395357807903 0.7812425110980196 0.05045468629199228
102 1020 0.0072614122921170355 0 276.58001686202635 10.682945142737971 16.412246691689152 0.9806344244682781 6.858374196981262e-06 14.000259492173678 22.386199523047946 0.7806111397466923 0.05124656429374434
103 1030 0.008906591672132553 0 276.57814650524705 10.711875418969512 16.41687554755991 0.9808850235618088 3.2737320166391807e-05 13.997966195232912 22.340717671627612 0.7804076883084927 0.050534406796316315
104 1040 0.010187599024655257 0 276.57784146990605 10.730394683378202 16.410339840149657 0.9804374884779978 9.994361422745552e-06 14.006917623445512 22.333625157160036 0.7804157251468408 0.051111329847536933
105 1050 0.01085857973577038 0 276.5772532500871 10.749970295349891 16.414005035799622 0.9813923207572418 2.1119498836933446e-05 13.992256605847114 22.304249816612536 0.7796789700842311 0.05096193312413928
106 1060 0.012250540924009101 0 276.574219909116 10.74993431381499 16.418325507862697 0.9805530602559228 2.453027583753269e-05 13.973839374099024 22.287478500340676 0.7808151922612264 0.050438776135605434
107 1070 0.014688748478981712 0 276.5717220229839 10.77776677351203 16.424865541398216 0.980676012676927 2.8177345178123244e-06 13.962756448043153 22.27920290324136 0.7814533585397275 0.051605980562414056
108 1080 0.017660088003074826 0 276.5691862834327 10.84574484732799 16.416625899483705 0.9811889812140547 9.84440580527675e-06 13.955140770566315 22.20543146763119 0.7806056317977028 0.05183607410600193
109 1090 0.021346144252766812 0 276.56652631191315 10.863083374387983 16.43309179491591 0.9800159868736432 2.9496936294865933e-06 13.956095499436893 22.122363133358103 0.781203901747086 0.05209045130042308
110 1100 0.02589604311263687 0 276.5630152523166 10.913444515639476 16.42217649923125 0.9808488038124833 2.37183693680674e-06 13.958960900423504 22.060889656762523 0.7798051863233293 0.05187247507911848
111 1110 0.03144893356545554 0 276.55738430420587 10.963434237480906 16.432052436012462 0.9809605379095929 4.7503134890493295e-05 13.909369146419824 22.026993650934138 0.7802286888435882 0.05091040074749638
112 1120 0.03530583573234316 0 276.5555000769531 11.023432593525744 16.42757660741509 0.9808075479790522 1.4496523775056455e-05 13.956629461109902 21.877705834470117 0.778022577293249 0.04960387841700383
113 1130 0.04166912550074631 0 276.5520908127549 11.106486852634932 16.428299749512064 0.9802324941148498 3.8479612951911804e-05 13.84467873232109 21.843172908968196 0.782566412034387 0.049333839861421834
114 1140 0.04419678914166662 0 276.5540896720323 11.101842218396522 16.42835591328719 0.9813677651879613 0.00018460952523923442 13.920357353259092 21.833126937735805 0.7802955629851499 0.052243157745767974
115 1150 0.0418172418927234 0 276.552452408479 11.178619323124 16.4185905192782 0.9809798134546955 0.00032297544108498524 13.952867010493918 21.736817355118895 0.7806410195093851 0.05212575064150221
116 1160 0.04492511711588 0 276.5518242717793 11.27965109243476 16.442213831779075 0.9817495624146921 0.0005007286657405026 13.906433652199757 21.60244876901062 0.7832043352819288 0.05347312064593908
117 1170 0.04703100050286008 0 276.53697065480145 11.264396723589584 16.387224989358554 0.9813499636627816 3.368206417112478e-06 13.837351162893755 21.655795846677165 0.7820140593916788 0.052539546883219095
118 1180 0.0484080119480829 0 276.535313130035 11.367719942147023 16.40380517902081 0.9809248799466065 2.2141473072887176e-05 13.919199498521163 21.440002694471154 0.7795347601359615 0.05277916605122662
119 1190 0.04607298127832953 0 276.53063334589154 11.387251595176355 16.43250137111184 0.9802986789980931 9.623985722464186e-07 13.808603777195929 21.41247164314184 0.7801105170621601 0.04804566763552332
120 1200 0.045941226044293355 0 276.52710133172377 11.366031340544078 16.39852329461246 0.9805089092290435 9.728568372184135e-06 13.815018183654113 21.512283950247955 0.7811088642920047 0.0519652545885397
121 1210 0.04448568454315785 0 276.53127994033076 11.333835128039537 16.459376262591256 0.9795796761739832 1.4429022388943146e-05 13.723938296569834 21.573469816605307 0.7848637404387976 0.052505814299812735
122 1220 0.040706740569341586 0 276.52595662276553 11.4468256138397 16.432147624200557 0.9810087357045744 2.6438133070860107e-05 13.862697481138294 21.349967566175128 0.779635921160055 0.05251000041486928
123 1230 0.042781207260858344 0 276.5172939331186 11.642515206416839 16.392723748375953 0.9811118394265624 7.383116534867509e-05 13.740891213372747 21.23432860396667 0.7836791958184905 0.053979103151751695
124 1240 0.05045577368614467 0 276.5137284356359 11.672250930949266 16.436213151864816 0.9815021258563075 1.1786045147306858e-05 13.64216923026844 21.120566895174836 0.786627320771803 0.05353322072164659
125 1250 0.05496096529958463 0 276.5110907457041 11.788376254207623 16.439611065284673 0.9817681047142094 9.504137517393071e-05 13.505620290142303 20.962015705937077 0.7853367716242513 0.0555347354336579
126 1260 0.05185842653993935 0 276.52070936406096 11.46320828050454 16.47423603634328 0.9807444835728597 1.4154890073253478e-06 13.642993689669941 21.445259908793165 0.7856434949368883 0.05284799807971548
127 1270 0.049303768230605845 0 276.5019288834271 11.689253362948818 16.50485999885437 0.9818109233209424 0.00015053508207799155 13.587020454263124 20.99086417559536 0.7845105697065099 0.052778548389209964
128 1280 0.04845182580787812 0 276.50754902218284 11.704384636620732 16.46806573602548 0.9818118285518678 9.500506971553237e-07 13.695375745128773 21.127594779156006 0.7828179030203236 0.05325489004903894
129 1290 0.04713578477887724 0 276.4980558869684 11.805116393460647 16.443057995134513 0.9808998997473175 0.00028651329956917455 13.642700947071052 20.953845543491862 0.7809508700861132 0.0516051105231099
130 1300 0.04683187153378748 0 276.49856396322286 11.70778151150812 16.504502931252006 0.9816478676102315 0.00011156680150208201 13.56319162800323 21.01455554710899 0.7840798187752963 0.05201191440544671
131 1310 0.05024022397100308 0 276.4903941983573 11.799997764204628 16.493103852830938 0.981164153560609 0.00044673537813871064 13.358693040650568 20.899493018000182 0.7822543958858269 0.05049526504591952
132 1320 0.049387947433763714 0 276.48489130326635 11.98931985359146 16.472468936915845 0.9824072269261039 4.038333174249314e-07 13.463677213446001 20.702935478402495 0.7804012135192616 0.05226868009330815
133 1330 0.05100400009756703 0 276.4771221340387 12.02691213725936 16.50199595801545 0.9819828050502659 2.6931343050816486e-05 13.503975929361527 20.59233087494322 0.7792856288481232 0.04924036758863288
134 1340 0.05565079717470757 0 276.4705549011062 12.240821503251514 16.478866628938327 0.9817249174850662 0.0002975126990196206 13.41580615897298 20.365060109943208 0.7795722874879016 0.04831219963119551
135 1350 0.06872895221960049 0 276.43799409811623 12.468272208012829 16.53994334957586 0.9813449276394307 0.0001337908690805904 13.23585178470804 19.97769986769417 0.7793063233419115 0.04953909194186569
136 1360 0.07951075558037365 0 276.4481833795485 12.678315446891306 16.486590274506153 0.9805244198991423 0.0010458098771381418 13.034940977021474 19.685856273200947 0.7807434509819875 0.05050846465600666
137 1370 0.07950080790416973 0 276.4480014370622 12.62637290068934 16.468643267502056 0.9816173051020677 0.00013129128899865713 13.290230384940502 19.82888455747616 0.7762844027935716 0.05046050778255784
138 1380 0.08399614558406135 0 276.4457900718428 12.764439070157142 16.4666418516428 0.9813207754051995 0.000564358338943287 13.06152750743052 19.754908495741688 0.7867621278562448 0.05436480105250777
139 1390 0.0868800980097721 0 276.41929589642547 13.07822764202155 16.44320204206095 0.9828026491478997 0.00025984859206872344 13.150196866117042 19.217102861644968 0.7811115212221688 0.05211980925428403
140 1400 0.10122150891994491 0 276.4180043578796 13.030619945731468 16.452488729065408 0.9819492399599927 7.70441780653553e-08 13.126398545881104 19.2287245858412 0.7867884683920179 0.05426198399581601
141 1410 0.12482013694251182 0 276.3846442496456 14.048768834789424 16.476665189293325 0.9841296225456833 0.00019268937572979427 12.722147510686261 17.722494329395268 0.7805261924656292 0.051480629523695996
142 1420 0.1266842331783764 0 276.3880635985133 13.28463414723413 16.547596107103857 0.9793032261095953 0.00010528645322541866 12.656551825207826 18.766803256278585 0.7879499478272618 0.05249074698407578
143 1430 0.13530209137147925 0 276.4127715510491 14.012147606490773 16.55960393424982 0.9792648968541852 0.0002942046122706365 12.321683761532054 17.55921539334612 0.7962981168086796 0.056478186408395525
144 1440 0.13980164770617337 0 276.34286692762544 13.690682993133098 16.579381699911398 0.9790529876978096 6.8203817901885345e-06 12.172779324205734 17.823409427223766 0.7848047416342091 0.05157939878013796
145 1450 0.14067959832577184 0 276.35842906515313 13.704034127444544 16.51855655401198 0.9781834968283265 9.856103137026577e-05 12.180096724315451 17.69997082205735 0.7828111267859063 0.05033782229936036
146 1460 0.1484497097275714 0 276.3396574860381 14.598037507187625 16.405685672643756 0.9819802901106647 0.000439362605593402 12.081137900401908 16.790858136164744 0.7855368536609432 0.04888564317278366
147 1470 0.16278720417576067 0 276.3133501855618 15.238371542786453 16.34005569102482 0.9806709006826664 0.0006616757395971625 11.679065907195291 15.87841592890899 0.7837192333098779 0.05273861187854073
148 1480 0.17283693555641003 0 276.3001662889062 16.09479163234939 16.48623028850399 0.9818074270183217 3.3408559719638696e-05 11.317301072136477 14.819513054609889 0.7894802167017322 0.05238453080717752
149 1490 0.163891492450675 0 276.3207225156047 14.506354574884712 16.418853486369994 0.9808224127776958 0.00021575199008925052 12.376938723820965 16.965771095364577 0.7824880622672381 0.05170212720750045
150 1500 0.16438546962058756 0 276.2934297373908 15.516288678600665 16.434955632796207 0.9809791482244514 3.611958157540727e-06 11.88916013422105 15.490887907290759 0.7804927907420484 0.05200349966934277
151 1510 0.16432303106897314 0 276.285765434253 15.87102172503426 16.42196321368705 0.9815603246951001 0.00016096268675253294 12.0763977445921 15.036738539903254 0.7846756901786179 0.05034788920530854
152 1520 0.15398790193913206 0 276.2961463883677 15.924081188212359 16.34971652416041 0.9825626296073734 0.00012955563472428092 12.325454383018997 15.041330016145897 0.7817728916874996 0.04938523740210058
153 1530 0.14321578204661692 0 276.2943958728137 16.673647346783312 16.385892703985682 0.980993949559859 0.0003929961670817126 11.892809250454755 14.03401036346064 0.7888220217958712 0.051086168667407554
154 1540 0.1296954433065424 0 276.29161877320473 16.323329905053573 16.385541145313482 0.9798228836601999 0.00032792319621325716 11.849279633401888 14.369916064410328 0.7847603165927028 0.053155291279731585
155 1550 0.12267689735966951 0 276.2722473534225 16.594958330884566 16.34524833470068 0.9804316922002874 2.4942180991058203e-05 11.413773406675073 13.87586452026764 0.7847143894818781 0.05039003883104691
156 1560 0.12233025656082373 0 276.279094037596 16.314311857022936 16.56192984471424 0.9811630653474999 0.0003350509002545134 11.310134944289205 13.941031455428773 0.7829835945532095 0.04939552687291011
157 1570 0.1074898353998589 0 276.26971058840917 16.66295309383184 16.441074671970334 0.9804334565412087 4.6825551033263143e-07 11.626897230981923 13.719607062526697 0.7837437048136421 0.04986204546014968
158 1580 0.10332853617847787 0 276.2793771992683 16.98905265996785 16.457999407880738 0.9808657334483031 8.04548560123427e-06 11.437477640490085 13.270599622479033 0.7884614978357861 0.0524154425501472
159 1590 0.09325961618566356 0 276.2736235969113 16.324205815713103 16.479430078863174 0.9796904761783034 2.0609761800177772e-05 11.802633368483091 14.118638269454307 0.784743570249252 0.051626796139887556
160 1600 0.08884997937825277 0 276.2691066120738 16.59809949212182 16.537686402866697 0.9802397160162228 4.391035107195786e-07 11.641473090865075 13.680883072178327 0.7849675960260323 0.05188296989515124
161 1610 0.08122454643101407 0 276.2727873034466 17.19493763379671 16.445871855279464 0.9811054143696135 0.00010674878095925706 11.402257539877969 12.92153755166288 0.7835863599276461 0.050654455742611015
162 1620 0.07363212595058632 0 276.2756970860471 16.491238785702812 16.502836990481807 0.9802789228685695 5.755432685411868e-06 11.714430040792049 13.769209750599918 0.7837448977411419 0.052793310101532764
163 1630 0.06734408773041557 0 276.2719965840083 16.864623589244545 16.497384054543964 0.9814676144382497 6.5233117939129615e-06 11.382427010595736 13.34932488705187 0.7824828521028231 0.05082891825032186
164 1640 0.06273364946239873 0 276.26995229102494 16.993513329882866 16.46687819522095 0.9803453729265561 5.664333663577562e-06 11.410306612152329 13.179642055098665 0.7828224933969695 0.05030503316209642
165 1650 0.06589179200523872 0 276.2689162715062 16.750674007323294 16.484146624993016 0.9802341517841331 4.007929168583825e-06 11.604400611583067 13.646612980804736 0.7827596629176916 0.05043131157564038
166 1660 0.0640704194229356 0 276.26888473303126 16.649603685083946 16.469595697060175 0.9808298682600562 6.1697447768736164e-06 11.76518495562015 13.80257226537878 0.7834176461821747 0.05141427385763441
167 1670 0.05898246983023249 0 276.26902394325475 16.729609192368986 16.467910073775567 0.9808998434356042 3.994061241561451e-07 11.49025600918507 13.655250661664027 0.7826843089435 0.050391427075508935
168 1680 0.056414047254611924 0 276.270591173438 16.690995547222435 16.47734057161816 0.9809357392898842 2.418866696545838e-06 11.447205181163415 13.612613872056949 0.7826674447720865 0.051256418593359936
169 1690 0.056603755102371214 0 276.27076234541397 16.87870550039432 16.48337452973251 0.9804694566077286 1.9883771315111593e-05 11.29689001167536 13.349506375955759 0.783739026437564 0.05164051301915339
170 1700 0.05288625712734609 0 276.27089722789583 16.65007941992686 16.45073861813064 0.9809526301596889 2.1471346918104163e-05 11.577257022142499 13.72475303916651 0.7842289186081182 0.051889895749409734
171 1710 0.04893001504813718 0 276.2690178378548 16.773626331177326 16.444064837994883 0.9808509111660626 4.5490939164481396e-10 11.593400140542974 13.620080406485812 0.7848182553763245 0.05127766967990167
172 1720 0.04309593795227606 0 276.2693133497889 16.65262038667086 16.4343771262181 0.9809835396170782 7.384747911437828e-08 11.545714002571122 13.809025640149661 0.7837574521043575 0.05087335650777991
173 1730 0.03990729378686845 0 276.26887408284216 16.906359801273233 16.440648249084642 0.9805478845835149 1.0604451080464256e-05 11.439857003247587 13.454612881471826 0.7845269775820423 0.05126850426754382
174 1740 0.03810486073968018 0 276.2690304132494 16.666336212635095 16.468472982991987 0.980509769138567 9.138984471192592e-06 11.43230793840948 13.711342909606635 0.7840440379710266 0.05122986408434093
175 1750 0.03536943267230241 0 276.2683760061085 16.567424402055565 16.51537191015081 0.9807617383345086 4.813180865842397e-08 11.429699320946218 13.819446081269806 0.7841282650340385 0.05110431045796588
176 1760 0.03713369783524008 0 276.2681814830488 16.69507533778066 16.512564730168 0.9807462736746548 3.538963041975512e-06 11.455956625968547 13.656170772186984 0.7835429790922688 0.051076084439766356
177 1770 0.04072841507722854 0 276.2679654215908 16.589513628620466 16.521689289437045 0.9807441542943549 6.826748583080986e-07 11.495089458549398 13.83700481172545 0.7832584630422703 0.050428931413620766
178 1780 0.04337316188519748 0 276.26765902141653 16.820204851727564 16.519111645769865 0.9806738926628572 1.904309860633104e-07 11.41108894865506 13.506709428573371 0.7833888913645637 0.05072146760860927
179 1790 0.046215746085148494 0 276.267009652673 16.899550180995615 16.51987274502785 0.9803742270241973 1.4550433260998566e-06 11.461380874426327 13.51017331899496 0.7838198385072108 0.050605446488861935
180 1800 0.05029942991826665 0 276.266889186148 16.749098904968033 16.556408680980965 0.9803051271636866 5.565687011577535e-06 11.580071992194412 13.73594607772517 0.7838636804449651 0.05019660591181592
181 1810 0.05883977834385956 0 276.26651313617083 17.101515439108404 16.54871861431093 0.9805370955956659 2.8055257669731707e-06 11.544440664225911 13.284082273000607 0.7832641032721366 0.05102340600806108
182 1820 0.062293168033924116 0 276.2665842537293 16.821851785184936 16.57982944362343 0.9804506193698838 2.9011785317885064e-06 11.489597149848652 13.70645236663863 0.7825227207306178 0.050359945725731686
183 1830 0.06972886859750453 0 276.265896824241 17.105668878469537 16.603223131567884 0.9803950217274277 1.5403445352227933e-05 11.278624934197621 13.429383856217694 0.7831302660322219 0.050305139906415386
184 1840 0.07295575520982718 0 276.2664242045436 17.128914608938935 16.58391910940931 0.9803649566771456 5.760380778619685e-05 11.53670438923613 13.339301118689766 0.7840491949789067 0.05073585732023889
185 1850 0.06698115559157852 0 276.2661733416901 16.801132695809443 16.574472566192018 0.9806268513338054 2.174835079683895e-06 11.645566441075788 13.749649127222927 0.7837826286862644 0.05153651523079045
186 1860 0.059917865243523966 0 276.26492841515915 16.902267243123447 16.621581886662746 0.9803467471382131 1.1262995035435754e-05 11.639713997647497 13.638235729054017 0.7832300715605817 0.0502140059204792
187 1870 0.06481561601466285 0 276.26450666109525 17.075414551065013 16.634049242033672 0.9811009858288435 9.684224794142362e-07 11.711449021302348 13.439469483358051 0.7830963670963287 0.05060570885848855
188 1880 0.06761949546531497 0 276.2637149090923 17.121200306447655 16.675928946470407 0.9803686130800859 2.4294054689389503e-06 11.657562866052865 13.308967791112853 0.7830837023679267 0.05032645334859812
189 1890 0.06564550106119132 0 276.2634500600697 16.969876196538237 16.70263425904441 0.9802820134327015 8.031665412497046e-07 11.673404979355096 13.503527041264231 0.7833168036546098 0.05011583944177632
190 1900 0.06929332176356945 0 276.2621993986195 16.950111492012503 16.77009160608148 0.9806687435242925 1.7606863325962013e-05 11.60726684805167 13.56469236944938 0.7839927988603642 0.05110131374785985
191 1910 0.07400523938719926 0 276.26161837336775 17.506311922549095 16.7392540398069 0.9804981051118679 3.2182209248848327e-06 11.918831885643895 12.874056964921136 0.7832788295546034 0.05073116740129018
192 1920 0.08131746043603404 0 276.2611934834237 17.393734443881097 16.822652579632393 0.9808085471722722 6.402036333629959e-06 11.967307907758626 12.920992745236987 0.7835137239958083 0.051364169842750954
193 1930 0.08915550567465637 0 276.25890748141853 16.957645114675884 16.869519251823544 0.9803751903964532 3.441078310329976e-06 12.075862127070556 13.591052790117086 0.7832271147037144 0.05085213867854349
194 1940 0.08941154189035899 0 276.2612919788746 17.474919312916423 16.978176861410457 0.9803197929437321 3.6996407142866685e-05 12.042861555196824 12.997360441656854 0.781257039989684 0.05039501741449814
195 1950 0.08963571057511767 0 276.2597398548899 17.009427734730824 16.847726777324404 0.9803340652707996 2.202221328518774e-07 12.029432491801465 13.550808017861307 0.7830987416645258 0.051090153509070445
196 1960 0.08009731641289007 0 276.2615082109167 17.063133819327447 16.791658913961648 0.9809032062138205 5.747102197488888e-07 12.051535459035682 13.508769940282146 0.7816684718208757 0.050185500565986994
197 1970 0.07412828038034348 0 276.25964376882007 17.342337082415533 16.983496056445336 0.9804957357182837 4.271188185477207e-06 12.41328195902904 12.97081034165198 0.7814219196050183 0.05075563916189384
198 1980 0.0690639231930381 0 276.2584553816247 17.145647948379505 16.91689995090987 0.9809925864685781 1.9581604774663252e-05 12.321131136438506 13.349436738543382 0.7821717997050238 0.0505802148948741
199 1990 0.06877737814525085 0 276.2560152103396 17.25396566625147 17.01883533782916 0.9802679981175234 1.6308651117801813e-05 12.342529450591817 13.170890744796143 0.7828070696465366 0.05062448209213632
200 2000 0.06830293572342097 0 276.2559349715677 17.165989990732974 17.007143955374126 0.9807517833413469 2.5456056435160426e-06 12.323124767996575 13.439572627856569 0.781767127672178 0.0499517584083803
201 2010 0.0773028787708717 0 276.2528939249044 17.510190660244724 17.03940610977323 0.9806291031915703 1.0790305143071755e-05 12.518526537179252 13.013333836975503 0.7834860449495303 0.05060427905525867
202 2020 0.08528129267841465 0 276.2530073334089 17.42143266520988 17.072122276654003 0.9806921585916386 1.7706547518537015e-05 12.69815135097737 13.025492700121468 0.7826233551837065 0.05002738141776787
203 2030 0.09953016028583202 0 276.2467955873158 17.812097404604156 17.300501037260535 0.9808707828557806 1.356726881836755e-05 12.73759529676389 12.843169749610247 0.7826047517600621 0.05057262771698703
204 2040 0.0987308688285804 0 276.24922349447303 17.577545074832205 17.170794353426007 0.9805051716128957 5.213746569688088e-08 12.96960939682192 12.896152165684478 0.7826121706065081 0.050035777335114266
205 2050 0.11181809838282147 0 276.2387994052516 17.81247821069887 17.555172241556782 0.9807193562088433 1.247049832537941e-05 13.429935408653638 12.827571959073055 0.7821788349120996 0.050621226794949806
206 2060 0.1479862873974303 0 276.2360880409388 17.927900117232856 17.650600695790263 0.9798265671416841 5.4579854480776826e-05 14.167794686668701 12.808741585173411 0.782967193171417 0.05138837959046757
207 2070 0.2104100187720605 0 276.21843937960097 17.86611029393289 18.32861389792539 0.9796159723671126 0.00018083654341284665 15.144335610389733 13.070631024997187 0.7824709487035341 0.049657082773593514
208 2080 0.281500709486501 0 276.1983749127671 18.42372236749874 18.6359264230032 0.9804963969607721 5.111977302170149e-05 15.977609256453672 12.468511095798485 0.7808932271098978 0.0492973904211521
209 2090 0.3430607095387612 0 276.18941547980074 18.658068739027275 18.919078635488933 0.9801761648489596 0.00015080406106334133 16.02208634327221 12.327593599124796 0.78222779888356 0.05050805431035297
210 2100 0.4476794770255682 0 276.15362110645043 20.787723722072187 20.07200580192277 0.9809073450642593 0.0012300308007100066 19.689293454448247 10.83445673331951 0.7879193505450921 0.05430535871493583
211 2110 0.547481104571293 0 276.12143050581415 19.433059332272997 20.46704057298696 0.9812981959289997 0.0005966504215371369 19.667203826355145 12.79468276555073 0.783543934594462 0.05034303607398853
212 2120 0.7352146137539681 0 276.0285085459168 21.35576850574872 21.627786711674975 0.9778066967382226 9.872491400903298e-05 21.684243372965685 11.2215020926948 0.7829562607886636 0.052754988056817866
213 2130 0.9486324086445107 0 275.9373529453282 23.63376632068556 22.573706508722463 0.9828719963360145 9.577040188025699e-05 25.401687406734062 10.102367057676332 0.7833166689775888 0.05638165552878801
214 2140 1.2361846570582162 0 275.70277416270113 25.626429829181166 26.8802310062566 0.9822094261566832 0.004239955602856024 32.350546718755524 9.967843234838506 0.7751088799607136 0.05055539311789102
215 2150 1.53608315777316 0 275.6257067133855 26.90384378056243 25.366404974237987 0.9834106390184402 0.0004314350325037109 28.233518692184578 9.216980803105086 0.768943379061058 0.047507414340922906
216 2160 1.912348298807656 0 275.37845554582304 31.863926045995346 26.676845801232176 0.9881244280692438 0.00027205693676740866 39.086751602370114 4.600606734822035 0.7583253675239732 0.04178260862292281
217 2170 2.221980105670428 0 275.3173607163232 32.45980733048389 25.644433484281407 0.9885832366192373 0.0006854213599770707 39.1077978013309 3.2732713057987812 0.7594667968168984 0.04296567833828245
218 2180 2.349834726089082 0 274.94251634115255 36.79560630671456 26.93665306860195 0.9798913073841727 0.003468918062919217 43.599967237142955 3.5153878638453744 0.7638833478665255 0.04197615360580824
219 2190 2.3868048700896707 0 275.2556990292109 37.99183008369977 23.461451674882593 0.9858325893030986 3.312089829013268e-05 34.23551337594366 4.651817569740196 0.769482269587334 0.04479919074558784
220 2200 2.166463896193065 0 274.7921895486907 35.60646214657686 24.810803184901985 0.982164197555145 0.0015650333907674132 40.06698736531072 3.8419006060576386 0.7569556145736036 0.04869317509499903
221 2210 2.011796920950698 0 274.910846987249 35.05211054765182 25.39507750217146 0.9778395761329902 2.0827982728092064e-05 44.68028316488493 2.142752623159316 0.735128222836799 0.03833546514488305
222 2220 1.744670782003735 0 275.14149188214014 31.676013387746103 28.14038738470327 0.9753051083156752 0.00032825903350912366 36.736498064213606 3.294235574253775 0.7528430293617153 0.041532154437071235
223 2230 1.6604248320421553 0 274.4313037763362 36.83822944471659 26.160717488741756 0.9813018937006912 0.00037428884793979056 42.76934866898409 1.53886608419966 0.7568773580846387 0.0434430376914015
224 2240 1.7021993538184537 0 274.4609376878069 38.32358582980411 29.54151093489853 0.9812195160874513 0.010427690509127759 44.323648079325295 1.4310681706980624 0.7519821178729951 0.034352784650407746
225 2250 1.5592609701313485 0 274.4893888543803 36.12337907235125 26.644904110440283 0.9780854135326429 0.0015267083007511578 44.45720334474576 1.0134223912367304 0.7428369373287756 0.03720059318194616
226 2260 1.4342602255147743 0 274.626939298794 35.884763398573305 28.605453469114483 0.9746880797412006 0.0014521234647581157 43.828761691695924 2.8636525811589704 0.7587041975057963 0.04780667528582257
227 2270 1.4058751665478952 0 275.31503375240527 32.35624733054783 23.4884559486241 0.9718216302746547 2.040596579166048e-06 39.67967786412885 2.4407659744480306 0.7586897051022459 0.042827104477630926
228 2280 1.3523433904155675 0 274.98728968009425 32.8188759860314 25.226312010256045 0.9762871370093271 0.0017166220473088208 42.07521302574551 1.1583059648351297 0.7627109872337758 0.0534887288607617
229 2290 1.3478774010253558 0 274.9717738906377 34.793687809116136 25.177353275540142 0.9817898445084318 0.0031522953116382827 43.70919073664061 1.4936451371707806 0.758382996367834 0.06300826860880368
230 2300 1.33227600348411 0 274.7914385781048 35.29747586861216 22.59460049859823 0.9789461753595551 0.0003047349899684 42.95524460394794 2.4113186379815534 0.7696407615214167 0.05657791473034477
231 2310 1.2493564323315418 0 274.6316425913537 35.75910333278792 23.545443554938323 0.976315314743131 3.0715798207195504e-05 43.00676506925115 1.4467926846198125 0.7667598074404066 0.05348320461842866
232 2320 1.2044690493635721 0 274.62337958836855 34.95442911555449 26.091321251570818 0.9832804412660869 0.0025378616391476096 42.30143079429139 1.3162392113641168 0.7631511241353964 0.05141842858681386
233 2330 1.0905341146879344 0 274.6572795421505 36.61805481021687 26.866353782071887 0.9750860764576197 6.41035895439882e-05 43.07613395204266 1.0201357683412464 0.7686647291184101 0.06536166506854361
234 2340 1.1144255521096844 0 274.3145863601569 37.87751767131951 27.4229239521336 0.9780276373848169 0.0007725643038607302 44.07486782115357 1.751187897866197 0.7699250209245109 0.05805657963229584
235 2350 1.029340898747939 0 274.24806588552065 37.31682345024085 27.79472279584763 0.9787651417924481 0.00014002304066757255 43.17711650274411 1.167241611800442 0.751924146261815 0.0441629488779093
236 2360 0.999308881781676 0 274.26265270803066 38.633488664833315 27.85563373130166 0.9805854007267766 4.052483130716693e-05 42.260824000114276 1.3886642725204497 0.7595283814932227 0.0546761707991631
237 2370 0.972272308065051 0 274.2395460467674 39.33657664172368 28.754783484576265 0.9808055680429703 0.000639237983730042 42.54111381220851 2.491551453113971 0.7574549721668795 0.05525678616657619
238 2380 0.9125397076312698 0 274.1980949171077 38.35723419344386 27.790036215098734 0.9768905916812993 4.956771507212264e-05 42.530651014543714 1.0350931994891097 0.7669123085223305 0.05235043460311224
239 2390 0.8572943148803743 0 274.1037561322655 38.355140700955296 27.75475829057892 0.9773308559732397 0.00044719721175098766 44.60539541441247 1.15737112898989 0.7525329820635402 0.05054626138686319
240 2400 0.8265769466254493 0 274.110625476285 39.387966546319284 27.731961596635124 0.9781281342493264 0.00015147361450848514 42.63945518361445 1.4115942477962051 0.7557260044998558 0.04996537006764936
241 2410 0.9253926890667075 0 274.0913618386046 38.863336022354446 30.216664126337246 0.9811911430738616 0.0001490599972664858 43.09332840197597 1.0095330119373882 0.7550711598402042 0.052871793457015766
242 2420 0.9740631019045178 0 273.9568975896616 40.59080258296137 31.868757021874348 0.9794554210420127 2.725851156460169e-06 42.98542212474891 1.5772099662417962 0.7595789209008507 0.05444719265986479
243 2430 1.020059638033098 0 273.9518619878857 40.634491970349934 30.31765352292905 0.9798409289085908 0.0013420323106789682 42.8557201242034 1.2417449278915882 0.747682453272801 0.04251441023507564
244 2440 1.016536355202951 0 273.84525393429 42.20265222872408 32.02188616184867 0.978758627283998 0.0001630250272019171 42.275310258157 1.8228247003462303 0.750691012168753 0.047468588937471023
245 2450 0.9812307889758809 0 273.8139055563454 40.81912482541852 32.62058602455859 0.9762544214102878 0.00041818715073584203 43.38640605503477 1.160915948007156 0.7489689666348888 0.046761329476966026
246 2460 1.1287620894017045 0 273.7220371589907 43.25673126698043 34.54347136149033 0.9747455578922253 0.0010316183074123185 43.01619475416359 1.5781500353338043 0.7481344423087151 0.044521654318817966
247 2470 1.4139270587985382 0 273.69831763152837 43.497317798509805 39.16596885933396 0.9756323985223432 7.955116808884598e-05 41.136214513159004 1.7762884514746957 0.7414740456292727 0.041567989428116695
248 2480 1.7401040656567548 0 273.5555268986814 46.60100653285595 39.688445806711776 0.9708799648372217 0.0006964707063345979 40.428630165588295 1.5985229074460099 0.7395408376446115 0.04366178881942328
249 2490 1.8536750066612009 0 273.7238104652115 44.13657377664248 37.56521965037258 0.9775161349479183 4.117663673837788e-05 39.60062518894358 1.826448559858542 0.744490785354282 0.045585742965709004
250 2500 2.2264054442368253 0 273.60413015755023 49.11450921386426 39.47810457149265 0.9776500937720731 0.006034108961265126 39.44680806158031 1.521325666131854 0.7537738310221275 0.059836000109806
251 2510 2.354682750382566 0 273.38655711118514 51.98481453032376 44.651946569385814 0.9722732925455748 1.8660501913610148e-05 40.52495027984955 1.4523740286049456 0.7338060556195217 0.05764182936254904
252 2520 2.2515555774093374 0 273.58165972234667 48.99917751463787 39.51115438662315 0.9812131322605755 0.0006366118252444638 41.60222141132778 1.9576773486858954 0.7331859285168155 0.04738027134453331
253 2530 2.059895629040637 0 273.4658436221182 49.157513502078004 37.163878520693444 0.973859746962888 0.0036876044383055535 40.99030920374749 2.0298190652495105 0.7463895371342706 0.04929052540690473
254 2540 1.9779874067256618 0 273.5223678726802 52.03508952884003 41.02693049555094 0.9797144869110723 2.1663195779683344e-05 42.49914398568443 1.190747309100583 0.7205659072341073 0.04992059468701902
255 2550 1.8406945464811506 0 273.21880044593865 52.85603099396538 43.54539621372787 0.9720826344797275 2.6971759109865407e-05 40.20707123907773 1.4495026377431086 0.7423636405946489 0.050564075858768674
256 2560 2.01225765960931 0 273.27663542288616 60.92229004490764 50.177317895395134 0.9702856575688961 0.0009412663681273106 38.218039052777414 4.403821620620263 0.7447142189892927 0.059716185064431784
257 2570 2.092683403496669 0 273.03401490663714 58.588621283221826 52.31989000641294 0.9759430299325464 8.079327591452437e-05 36.74862003688966 2.5435785950427823 0.7369973327505482 0.04882844592005345
258 2580 2.3460136320913345 0 272.9340443718204 59.39889048273647 57.721076520349726 0.9668970727229694 0.0025232246732515584 35.55750355180665 2.3438098993384333 0.7606454041508761 0.052608994026417936
259 2590 2.969217714155592 0 272.52233239619926 65.34580697664725 67.28198497707865 0.9609152008706725 0.0027222076859529697 37.26582512054932 1.0081275014610647 0.7542147895170795 0.04895262733708333
260 2600 3.2031962110932635 0 272.36081939234833 62.893871270750914 70.57753831139155 0.9579986763724069 0.00047516661571598125 34.64772871236639 1.0009660244174994 0.7443149295694167 0.05795607672186655
261 2610 3.431290567199806 0 272.14882151645713 71.90038585762193 73.79226403152433 0.9494325017250633 0.0017951235047688975 29.38616002789172 2.37198867245737 0.7325396386537051 0.04018083753137324
262 2620 3.68960621845831 0 272.05075742476174 66.58826552370597 73.44985129433947 0.9642333127682584 0.0033915634682231397 35.7044586533236 2.4955514097212035 0.741049875059321 0.051598243774218414
263 2630 4.124574573886062 0 271.1017559884923 79.57548356261192 88.33650515153613 0.9578275983095955 0.0004557098683639647 27.78162538106995 5.315375056066318 0.7150679684306707 0.04039713388247433
264 2640 4.698792469278128 0 270.6106953767128 80.8159563049333 99.2659421261959 0.9580225585928857 0.006125765938187386 28.70462642683116 1.5366617364912074 0.7079200583277396 0.039262146729319214
265 2650 5.1381167700999315 0 270.4909742274587 97.82609469404906 98.13779590459481 0.9499578857657976 0.0008558468279931509 26.188523428407848 5.041147614929757 0.7389916602759473 0.05200368135315435
266 2660 4.671105398658373 0 270.87449537152554 83.38655987100937 98.30088345684585 0.9531904128777928 0.01023748580564341 27.86235624179877 3.7390499235907715 0.7161309588601273 0.048844822238074424
267 2670 4.273876308080146 0 271.0676846748042 90.96148658570254 98.69873155079334 0.9589404094503345 2.828594956371566e-05 27.380588243269294 5.469934659710796 0.7486622626052457 0.05341520265209131
268 2680 3.760753647743088 0 270.45861132767993 88.41657158226057 99.77149818848923 0.9544257002682454 8.202178389740954e-05 28.83456637521089 4.694955357398799 0.7265039108912144 0.052234472393959876
269 2690 3.721325674941752 0 270.71110654336377 89.29050982424228 92.64108739889056 0.9577164707517529 0.005917767530633749 28.970792550369485 1.8849251721604863 0.7383632415596383 0.05376715113259198
270 2700 3.389031716297816 0 270.55488992675726 99.1279179738046 85.05573353883452 0.9526980298229976 0.007176605409134613 29.730355295311774 5.912238530411698 0.7212206683630257 0.05126397374312388
271 2710 3.3617898378420397 0 270.188056904526 90.53539380336892 97.92304484331409 0.9767080406585629 0.009600875880622254 33.4018517620931 1.2621295294949315 0.7113063452344497 0.04644092318028138
272 2720 3.593101898686323 0 270.40499391543847 84.71563377317094 97.18285853484872 0.976467052807983 0.008995064549388716 34.620785903410535 1.3851479126352042 0.6761085032037428 0.042598305826615585
273 2730 3.1988179210230765 0 270.2207912401995 89.38588508555421 92.33396248626809 0.9776502664865029 0.013086936128524043 30.890614844029244 2.027938425029828 0.6887439032994884 0.04154534892833578
274 2740 2.8093366188344207 0 270.36531682171926 90.30922726151903 92.70615572032025 0.9708394225346394 0.005818155140031534 33.034716615673375 2.7285417251576534 0.7031645749876734 0.0475999145438557
275 2750 2.7323953814015582 0 270.32820379196295 93.0220509473534 86.00336920458994 0.9850387603445164 0.011888252212889892 30.477968045736898 2.3473652166404064 0.6939025593693591 0.047793687639146286
276 2760 2.6834592738586474 0 270.27197760405477 91.56617469833078 96.82675514163292 0.9793916085032193 0.007217671088564352 27.598420418549793 2.009695638279317 0.7000716564252212 0.04964912082933069
277 2770 2.713651195614611 0 270.1463818760369 93.33363787118314 90.76387045401077 0.9831773433199334 0.011490448659692672 31.753006992785085 1.7873217667467525 0.6954497530397886 0.04659740630266546
278 2780 2.760664215988804 0 270.02190194924185 99.00432963161589 88.78161445743623 0.973343814977609 0.014297897698987228 28.797282341300022 2.2463293493835312 0.7107084919474671 0.04860713207837913
279 2790 2.715573667725937 0 269.8910331411691 95.30908753446509 96.39518485708555 0.9819919277707 0.02112745734479073 30.995344320503175 1.7069123517519351 0.6895922646074498 0.04423087496165958
280 2800 2.957311665995062 0 270.0921280632797 97.48435819548125 97.85446553756837 0.9726449769893799 0.013034014974122092 33.8042201764341 3.340812312621437 0.7106747289505676 0.04511157726198858
281 2810 2.93947132707402 0 269.8274264328487 99.80452752131607 94.43198073970711 0.9801287894771373 0.020008763458000896 28.66981725529711 5.9167901744758975 0.7002033923206272 0.04305198241271694
282 2820 2.7436535331966097 0 270.0112107774423 96.75365443466124 96.36558430244108 0.9704035381888798 0.014996893548181588 26.14759067538533 5.714160309292605 0.7127992907020756 0.046557522400875406
283 2830 2.7166251656374603 0 269.9837796669167 95.21925460324651 99.86643648833356 0.9771128514529712 0.007704950453487393 26.289316925641764 4.198232477568672 0.6984036247813964 0.04298768841344094
284 2840 3.181461723960858 0 269.69563962873883 99.9003897136056 98.44652820707154 0.9792271983547419 0.017740648819174584 25.306773620893235 6.069414632126406 0.6813580798086394 0.042226702270759475
285 2850 3.2511044085068406 0 269.7896666741515 97.74176867160863 96.10328680974074 0.9861584522545702 0.022606063950356893 28.385027571998474 4.2861388687648345 0.6819506950294669 0.04139359437355618
286 2860 3.0122922823199194 0 269.75563353203387 99.32910286908073 99.85388157233668 0.9737019715392811 0.009676065427983459 25.678007711215095 6.709186043369761 0.6842566971461548 0.038934460366925175
287 2870 2.888730286054998 0 269.725174548855 99.99143411188258 95.19725882561042 0.9783412926313901 0.014552922838528614 28.53680711811369 3.5913744383498756 0.6772771220053608 0.036666731642025954
288 2880 3.066601277090632 0 269.60885016314586 99.3755610639097 99.4830710218111 0.9835433294566844 0.015521880917144796 30.431517676559572 3.8372046157465842 0.6872396190041313 0.04980196755634678
289 2890 3.292041316508501 0 269.9984904224618 99.81298368366247 99.4521199123197 0.9967577253447553 0.02216828932146629 30.61533918215328 4.82572934052928 0.6452859143440524 0.04589854692167566
290 2900 3.170318084704368 0 269.8882828136217 99.9862023657097 97.89803955032981 0.9884971518398574 0.012362169151249049 32.054195714437476 3.589468811867415 0.6595448123495785 0.046484179451725866
291 2910 2.9839874429333273 0 269.61761863269265 97.26847117191927 99.9905354474768 0.9919807068066575 0.019709331443683312 33.519711697265194 1.1949654621762023 0.6681666356842055 0.041803361791828995
292 2920 2.763572446094922 0 269.5759264278024 99.12496567650605 99.92591248671668 0.9943069436483591 0.02006467596789039 31.820224270221544 3.69394089561019 0.678212571149154 0.04786796574780754
