% # columns="iteration, evaluation, sigma, max axis length,  min axis length, all principle axes lengths  (sorted square roots of eigenvalues of C)", seed=509605, Wed Apr  8 20:39:51 2020
1 10 0.4579760725210298 1.0000437509570452 1.0 1.0 1.0000062500195313 1.0000125000781253 1.0000187501757822 1.0000250003125026 1.0000312504882864 1.0000375007031337 1.0000437509570452
2 20 0.48227340583899375 1.0560149857557792 0.8863415166543961 0.8863415166543961 0.9440750087565103 0.9923012279422084 0.9965514741726512 0.999946687601623 1.0015437603924866 1.012429261324678 1.0560149857557792
3 30 0.47590264643462327 1.216593987350957 0.8353544827925147 0.8353544827925147 0.8813471682557542 0.9493024193392102 0.9847124136251184 0.9994672409356791 1.0099664344601913 1.0282884523194329 1.216593987350957
4 40 0.45020905974955067 1.2602134607249753 0.7988134803071149 0.7988134803071149 0.8327417614304681 0.919311161476285 0.9569638787531464 1.0025785888860481 1.0074910338832899 1.0318528639813371 1.2602134607249753
5 50 0.4098589493669177 1.2322305323535383 0.7657119319574716 0.7657119319574716 0.823680249634098 0.8875668129358497 0.9583459474898837 0.9850528041479074 1.0044763964069192 1.0360478786543925 1.2322305323535383
6 60 0.3613027063008541 1.2184441058932678 0.7207228547158009 0.7207228547158009 0.8107659178078661 0.8988448390114271 0.9312601797124542 0.9608565648854602 1.0022861656340019 1.0311410231013125 1.2184441058932678
7 70 0.33544212626282793 1.2353523546212883 0.7109076129252848 0.7109076129252848 0.8014392199233913 0.8636120232630946 0.9153924713574388 0.9447647390467314 0.9710302947580487 1.0615868655474974 1.2353523546212883
8 80 0.324034573933346 1.2457978354726045 0.6910902828778897 0.6910902828778897 0.7695174283896314 0.8372845126661029 0.890518164353779 0.9401651844733766 0.9954207811484536 1.0561953562113051 1.2457978354726045
9 90 0.323754533181655 1.2256881048519759 0.6703604713566883 0.6703604713566883 0.7437795820940439 0.8335200068353291 0.8756591087860434 0.9433092185683101 0.9904837994488017 1.0463368945862506 1.2256881048519759
10 100 0.31777905173723275 1.243475681782819 0.6481155047434262 0.6481155047434262 0.7065635857377003 0.8213026492156745 0.9040160630294425 0.9629106232915369 0.9895968644512778 1.0420578570664631 1.243475681782819
11 110 0.31516702690716714 1.2563462087687274 0.5880335216291444 0.5880335216291444 0.6971063807245799 0.8161957634457201 0.8839325970569364 0.9498164791111519 0.9856932013500594 1.0953972975990918 1.2563462087687274
12 120 0.32077049738486213 1.2868303544946933 0.5759318708255354 0.5759318708255354 0.6850179569990749 0.8006915597287616 0.8676322564226733 0.9369812089244011 0.9776473208759335 1.0786208761922038 1.2868303544946933
13 130 0.29803875664380913 1.3355872612783304 0.5363120676385371 0.5363120676385371 0.6471721471859465 0.8036547580295876 0.8624494853520761 0.9482060564391098 0.9960507963311118 1.1031204645223003 1.3355872612783304
14 140 0.27530387595992806 1.3514319901861616 0.5148257830217716 0.5148257830217716 0.6141476400561735 0.796556334878729 0.8333072972510484 0.9449764118637003 0.9826865444022791 1.1028416134781753 1.3514319901861616
15 150 0.2603986768104788 1.3336956993565972 0.5172634713002171 0.5172634713002171 0.5970669192532242 0.7618047315403811 0.8131382202926017 0.9648793545615165 1.0091163617938512 1.0764839796490444 1.3336956993565972
16 160 0.23714493078214133 1.346858540818673 0.4985089704325827 0.4985089704325827 0.5545297844500382 0.7519344018265964 0.8186466918527099 0.9623100168852783 1.0093109733285721 1.0808688854977322 1.346858540818673
17 170 0.2331458566472993 1.3555980760490107 0.4965644647987826 0.4965644647987826 0.5649244711603932 0.7253210109239774 0.7819373601697305 0.9653843964020039 1.0021301211848017 1.0368860422197173 1.3555980760490107
18 180 0.2182416547156925 1.3425718122439285 0.4854674886234687 0.4854674886234687 0.5749612610007542 0.718449259866005 0.7703233889532678 0.9369520402831416 1.0021294078921181 1.0526442646632208 1.3425718122439285
19 190 0.1974315271915535 1.3116648086310259 0.4823263654744443 0.4823263654744443 0.5623017104556399 0.7195710037042985 0.768752829922949 0.9289384301463167 0.9725448578621536 1.027179367461366 1.3116648086310259
20 200 0.19565494310520362 1.3213140446073361 0.48596791133051154 0.48596791133051154 0.5573215919877257 0.7128870839447037 0.7398475535609016 0.879429045921344 0.9439820528691357 1.0120215511603763 1.3213140446073361
21 210 0.19051926319644574 1.3893033129585415 0.4757129339768487 0.4757129339768487 0.5567329335877185 0.6830078172517052 0.716336948281147 0.8609077178294667 0.935479023287818 1.0837744899045716 1.3893033129585415
22 220 0.19151331885667497 1.4205858768635362 0.46458670969235866 0.46458670969235866 0.5470056218806059 0.6964389068551512 0.711336312260029 0.7860464660716464 0.9480272609896349 1.0916376445551008 1.4205858768635362
23 230 0.19516264771064573 1.3745066262009904 0.4810915193165295 0.4810915193165295 0.534494046121695 0.6647531736309673 0.7026859601553692 0.7832593704354418 0.9218424343861447 1.139081741908617 1.3745066262009904
24 240 0.1926529514537295 1.4037103858347793 0.4762828444978928 0.4762828444978928 0.5447139078868934 0.6450416757498534 0.6773042323254567 0.7662161398836813 0.9178014461004034 1.1733049684424328 1.4037103858347793
25 250 0.19278954753999666 1.4329613729327388 0.46747917521130206 0.46747917521130206 0.5164557649483869 0.6305562125762484 0.6489534095355343 0.7625791091642721 0.928373422939145 1.1912455730302565 1.4329613729327388
26 260 0.18624150821628493 1.4010247602050376 0.4601453811651697 0.4601453811651697 0.49129832308628646 0.6162238951014175 0.638940884372948 0.8394806964212919 0.9230328227029463 1.1801774592669982 1.4010247602050376
27 270 0.16609103969377 1.4190033009076746 0.4312590824197083 0.4312590824197083 0.46333541419992647 0.6100477571919655 0.6313945795337985 0.8601457935105699 0.9065132802531949 1.2130694705057274 1.4190033009076746
28 280 0.15277067223035107 1.4155116981700628 0.42567503852722144 0.42567503852722144 0.47086126005396983 0.5923588152185562 0.6298419354173194 0.8350136759674708 0.8823102378355215 1.2065289695218677 1.4155116981700628
29 290 0.1463714090175343 1.3906732066885594 0.41844043107197293 0.41844043107197293 0.46531196872525243 0.5756726586843427 0.6238768394590339 0.8370366527007257 0.9228415628559873 1.1972030118796027 1.3906732066885594
30 300 0.1396996226904716 1.3988950982106947 0.39096775815035023 0.39096775815035023 0.4734710291476156 0.5673515377742107 0.6214589063241294 0.8458177885795255 0.9239576175576665 1.1900252767586181 1.3988950982106947
31 310 0.13105780613157586 1.3733368933718166 0.400694940423385 0.400694940423385 0.43473091016822923 0.5693191729448707 0.6068087302398893 0.8469031450761416 0.9220230245125924 1.1760555491474163 1.3733368933718166
32 320 0.12241315118834142 1.3939436386019306 0.39512007960218415 0.39512007960218415 0.4205319189009688 0.5617683686732511 0.5853213113834065 0.840467144341063 0.9242139585488023 1.1490683818028746 1.3939436386019306
33 330 0.11666902619863544 1.4578479299583014 0.38116926093764514 0.38116926093764514 0.4081140076919209 0.53937951539818 0.5896775393696105 0.8396834352533789 0.9267869543375885 1.0872253485978232 1.4578479299583014
34 340 0.11136590733183295 1.4959204452077297 0.37766063515972254 0.37766063515972254 0.40937011590863265 0.5140906220864847 0.5845917526120109 0.8223394061945793 0.9059925696066249 1.045025460107145 1.4959204452077297
35 350 0.10028321815669955 1.4393729300967428 0.3730098829175362 0.3730098829175362 0.39908269999928475 0.5266538519668063 0.573212439949762 0.8106748117368263 0.8966771189198066 1.0398633616632138 1.4393729300967428
36 360 0.09816133600922325 1.421731722868932 0.3512616316535223 0.3512616316535223 0.3938181937170999 0.5251883334921174 0.568473465210681 0.7941533631947033 0.8935361340923338 1.0261730255122992 1.421731722868932
37 370 0.09369535416888103 1.3836845784873064 0.3491140069834401 0.3491140069834401 0.37991630873823473 0.5170561098031596 0.5794078928678932 0.7726120259033001 0.9051453278048752 1.029981705098733 1.3836845784873064
38 380 0.08975642523220935 1.3794813820728287 0.3393724832277385 0.3393724832277385 0.36616572463338554 0.5237767301812988 0.5826406841070199 0.7314774896049351 0.9263964806583216 1.0189721021254827 1.3794813820728287
39 390 0.08265104013373446 1.4354507831051384 0.3351980936233721 0.3351980936233721 0.3611601622908904 0.5270746626473407 0.5319749207316068 0.7133086250596765 0.9349915002307237 1.0375850301366554 1.4354507831051384
40 400 0.0802729586977987 1.468861295358094 0.31867558125346895 0.31867558125346895 0.3622478884863559 0.4986644176421756 0.5279061557290995 0.7187591106078924 0.9008504847817406 1.0426539400851693 1.468861295358094
41 410 0.07441886876881107 1.5652742366258596 0.3178231164974318 0.3178231164974318 0.3565275411254272 0.48914194644553854 0.5112878325707306 0.7277659330752217 0.8455620726148542 1.0338423869311753 1.5652742366258596
42 420 0.0779651075306874 1.587053735291972 0.3134661419314394 0.3134661419314394 0.3497202556102216 0.45457648284080066 0.48371718361371974 0.7290661392024478 0.853668837946929 1.0505513577576628 1.587053735291972
43 430 0.07342250333621253 1.7568074836313359 0.307906400002671 0.307906400002671 0.33740448017083885 0.44580604677292157 0.47549400767518907 0.6879983489593101 0.8496645272885325 1.048482467071838 1.7568074836313359
44 440 0.06679807887273964 1.7835886773941354 0.29541124852477263 0.29541124852477263 0.33098486583709213 0.4328825458945056 0.4657867493783328 0.6952637041656002 0.8438096485121519 0.9996877426523803 1.7835886773941354
45 450 0.06458911007615102 1.7043997402123776 0.2940025534363177 0.2940025534363177 0.3247538644745859 0.42863862591452107 0.46662789646994335 0.640940828986262 0.8335158096338284 1.0206855717823529 1.7043997402123776
46 460 0.058354031349624344 1.7111183673359496 0.28131191139063183 0.28131191139063183 0.31080025898789115 0.4182089483160849 0.4543764135034558 0.6393537263679409 0.8679229231264516 1.0229018747174787 1.7111183673359496
47 470 0.061051809044359424 1.7664949815950215 0.27318863147804573 0.27318863147804573 0.30497649353828454 0.41849842644584734 0.4500884754695876 0.6257548734734165 0.828033468457859 0.998372229585525 1.7664949815950215
48 480 0.05742197787896141 1.7289472123044958 0.2719066041432496 0.2719066041432496 0.2918589052527451 0.41726642041786244 0.43356239668318525 0.6294764174409416 0.8620465351160603 1.076455158438664 1.7289472123044958
49 490 0.05418817052635881 1.724174987736537 0.26946793129439134 0.26946793129439134 0.2848871578723228 0.4080800616737645 0.4245806207524195 0.6214675790262326 0.8682939836853372 1.0729080936832436 1.724174987736537
50 500 0.05447451856534117 1.700213789719402 0.26213940287231624 0.26213940287231624 0.2743193260177476 0.39216361194770766 0.42137594312193444 0.6116465522296374 0.8853332827660102 1.089948215190733 1.700213789719402
51 510 0.053167620675232216 1.7862059626892295 0.2538143285234526 0.2538143285234526 0.2765394696254935 0.3894283003039946 0.40987452643352873 0.5797151938856295 0.8900514632829992 1.066900641559198 1.7862059626892295
52 520 0.050658694263197954 1.8045404096973432 0.25489683142260944 0.25489683142260944 0.2761304218514028 0.37079287149842205 0.3988046600008346 0.5766577337283639 0.8805073357326764 1.0334337128277977 1.8045404096973432
53 530 0.04781539840493482 1.7413233563450874 0.25660235322379826 0.25660235322379826 0.27229776539695244 0.3587276963162935 0.39257703615941886 0.5664793736310437 0.8917520067034418 1.0236430341742582 1.7413233563450874
54 540 0.04136549534052244 1.7133240829032335 0.24055090007136676 0.24055090007136676 0.26722840437984063 0.34354275536791345 0.39357287193040935 0.5723478278023997 0.8872708646877138 1.0258777828453625 1.7133240829032335
55 550 0.040487578631402024 1.6824329667503175 0.21518125569957527 0.21518125569957527 0.25939472537780334 0.33457843279512556 0.389331477630699 0.5684135890821417 0.8928395840606733 1.0443611512472033 1.6824329667503175
56 560 0.038188083862016754 1.6631239946988445 0.21166267074007034 0.21166267074007034 0.25870643923596737 0.31898299862719937 0.39054424191962217 0.5810082033308503 0.8784623780053679 1.097329870527591 1.6631239946988445
57 570 0.03608094655961586 1.6495939622260298 0.20163363203433451 0.20163363203433451 0.25819449824783836 0.31837934596805445 0.39246274553957433 0.5767846393133181 0.8506443630659581 1.0697347606490601 1.6495939622260298
58 580 0.03367373416402852 1.6472477517489623 0.2008387331377242 0.2008387331377242 0.2544072264616623 0.3033184446334532 0.3915058477813873 0.5504960054601721 0.85575935121653 1.088934892890679 1.6472477517489623
59 590 0.030812079402433096 1.6270634202562788 0.19023928905137436 0.19023928905137436 0.25562845278056906 0.29797635030410957 0.38356949631755527 0.5588034847507612 0.8753438895226271 1.0636674962736097 1.6270634202562788
60 600 0.02815423007963639 1.6846552159659556 0.17703933807622121 0.17703933807622121 0.252040707895033 0.2951737118679118 0.3826190967804738 0.5587033572585163 0.8431720583909877 1.0614548586534829 1.6846552159659556
61 610 0.02455089181581426 1.685966689087829 0.17363674811653154 0.17363674811653154 0.25171284645043046 0.2869035405372398 0.35578719770331113 0.5620683729915269 0.8399532059400215 1.041801690657234 1.685966689087829
62 620 0.025282651472537134 1.6459614329231005 0.17211297778798498 0.17211297778798498 0.2547141931625917 0.27374080793155037 0.34109333634929856 0.5749548210916465 0.8160974305687239 1.0633328679873653 1.6459614329231005
63 630 0.024825931493773084 1.642451805850468 0.1713363583401411 0.1713363583401411 0.25269367562552864 0.26275272046152126 0.3196164936669689 0.5907348452940708 0.8484512621681957 1.071007221280009 1.642451805850468
64 640 0.02599229142396137 1.6821021729152665 0.1655082828027561 0.1655082828027561 0.25227139072646415 0.2609499401012746 0.3180306918452158 0.5847040772901853 0.8696714747522816 1.1400571265605448 1.6821021729152665
65 650 0.023052802404676647 1.7628903303118182 0.16224882672343469 0.16224882672343469 0.23930236699879306 0.2583247519074749 0.30793098832284255 0.6053915878923567 0.8472922644188723 1.1248258215294342 1.7628903303118182
66 660 0.020638583215775802 1.763391693582904 0.15821850815676647 0.15821850815676647 0.23524499477001112 0.2466453188837509 0.31186732056857075 0.5810564502830953 0.8450018174198525 1.169296385213835 1.763391693582904
67 670 0.018278466712521726 1.7040016867740284 0.1501170757753979 0.1501170757753979 0.23254782404401114 0.23916215547597333 0.30983229114274213 0.5819090899995121 0.8460999865503798 1.1708002102221788 1.7040016867740284
68 680 0.015861552793895117 1.6816733519032396 0.14052307589418164 0.14052307589418164 0.22422725610962685 0.2354195014514752 0.3116445131642799 0.5691886020953479 0.859435959520826 1.1652183341151168 1.6816733519032396
69 690 0.01410345408992849 1.6799853401471292 0.13848798309802943 0.13848798309802943 0.20765408552513445 0.22559844571216328 0.3132887179747845 0.5684860546210387 0.8409454047264439 1.1591335830126928 1.6799853401471292
70 700 0.011814191484089704 1.6774089247161315 0.13592751994485391 0.13592751994485391 0.1921010361666337 0.22284984971292074 0.3067566607283028 0.555761714591423 0.8416992737061189 1.144479565450762 1.6774089247161315
71 710 0.01065640874730656 1.6712594766370554 0.1360316077333573 0.1360316077333573 0.19183262918522057 0.2171234687655702 0.28206381657667845 0.5567457200062875 0.7858071244930023 1.1423220843567388 1.6712594766370554
72 720 0.010730774269729303 1.6622823378163991 0.1343790899255636 0.1343790899255636 0.18890512308059446 0.21406828687169335 0.26786212999847553 0.5458324034167914 0.7831607514387219 1.1201367941806568 1.6622823378163991
73 730 0.009530494482797983 1.7625613396799786 0.13079400702430619 0.13079400702430619 0.177256572189857 0.21245629153963352 0.2590948022373239 0.5512918105305104 0.7876142977231584 1.1393020494400008 1.7625613396799786
74 740 0.008827522993413632 1.8187233038644142 0.11905062003478836 0.11905062003478836 0.17159137246110953 0.2119165846864155 0.2488907669818153 0.5552643131685083 0.786405004051106 1.1500715481420036 1.8187233038644142
75 750 0.008105471512552389 1.8080294542032844 0.11488197111456959 0.11488197111456959 0.1715505129824958 0.2053700177325209 0.2330827461475552 0.5669438466229677 0.7672066022994098 1.1623435663816557 1.8080294542032844
76 760 0.008049932789196211 1.7780824071918235 0.11070518132348421 0.11070518132348421 0.16691523749806303 0.20572928156888265 0.22903437244529298 0.5605497505176852 0.7563035921716404 1.1505709207083885 1.7780824071918235
77 770 0.008400600859250498 1.8725384387902857 0.11133565324039618 0.11133565324039618 0.14983499236332612 0.20459416936229022 0.22496493420288305 0.5731233742444576 0.7474453061695446 1.1719247377652642 1.8725384387902857
78 780 0.00884725963330724 2.0499370722325425 0.10326617914866952 0.10326617914866952 0.1470124612931785 0.19869818106795653 0.22532532220852666 0.578338682514754 0.7498327919859129 1.205743257474239 2.0499370722325425
79 790 0.009862642511765333 2.056609278167462 0.10044110131297498 0.10044110131297498 0.14135413680938327 0.1978718024726934 0.22299391608455482 0.5801611304543055 0.7612141317343357 1.1848687220816556 2.056609278167462
80 800 0.009575485256182922 2.138717644976541 0.09784324271210335 0.09784324271210335 0.14219744549415206 0.1924037625909377 0.22092554299067857 0.5816807272609582 0.7789393719665604 1.1819223117133972 2.138717644976541
81 810 0.00932137719414939 2.217883937441508 0.09046369030010856 0.09046369030010856 0.13973893979649385 0.18630007668180687 0.21473369165828393 0.5808142680964358 0.7781255705535998 1.201925989588359 2.217883937441508
82 820 0.009375342922290667 2.223108221518277 0.08684888163428485 0.08684888163428485 0.13965843660315955 0.17712673155282382 0.2113996978619449 0.5803120677651997 0.7915312342927537 1.170534870514341 2.223108221518277
83 830 0.009205954044756895 2.211573673199792 0.08539774580585949 0.08539774580585949 0.13456481244824992 0.18173046075239518 0.2092486185317349 0.573262238741401 0.7859113275605443 1.1614949533990355 2.211573673199792
84 840 0.009032952355070342 2.259250567210699 0.08199711756401701 0.08199711756401701 0.13100989653941103 0.1814875724438409 0.20492853037638953 0.57140472799002 0.8034685750810154 1.1400829010690516 2.259250567210699
85 850 0.008611888395505968 2.3151867151825942 0.08214877045567404 0.08214877045567404 0.12358660554182407 0.18031389180475646 0.19110945490524772 0.5687209830674472 0.8167958675384123 1.115440163830568 2.3151867151825942
86 860 0.007724598080212152 2.268757355788989 0.08058403641062221 0.08058403641062221 0.1210910223777187 0.17401775207858544 0.19157792355172457 0.5564028824214062 0.8113672830812233 1.1341513804771828 2.268757355788989
87 870 0.007298320683946383 2.2780801834141644 0.07756419186367872 0.07756419186367872 0.120420188074936 0.1652419466462324 0.19095546126141785 0.549757183595227 0.8067776452183563 1.1259027845362946 2.2780801834141644
88 880 0.006904529772515946 2.31868680308192 0.07774047106325471 0.07774047106325471 0.11855969622196696 0.1559750047428829 0.18815552084602652 0.5148592902014005 0.796436689628729 1.1717418549903444 2.31868680308192
89 890 0.006338123432614372 2.38182890771613 0.0740563733185461 0.0740563733185461 0.11580557693954062 0.15617994445820985 0.17876211877257653 0.5121743158056566 0.7825617754788001 1.1830396110639494 2.38182890771613
90 900 0.005878884070276313 2.4108250590042957 0.0721550746647168 0.0721550746647168 0.11349424662560315 0.14395652391358338 0.17277059509865025 0.5123845292362309 0.8024077260266154 1.1834150538025205 2.4108250590042957
91 910 0.0051227246159115634 2.417475139976559 0.07166709165121767 0.07166709165121767 0.10682520614666093 0.1360190589020054 0.16786886526253408 0.5238590725455251 0.8164432327751336 1.2001171267655208 2.417475139976559
92 920 0.0049172571760376545 2.3789246844486196 0.07056211124784374 0.07056211124784374 0.10476977593325458 0.13194211413690252 0.16760009681749294 0.4876831649834423 0.8132542528566777 1.2141210740036987 2.3789246844486196
93 930 0.00445231885806997 2.4056077249960888 0.07197059368449099 0.07197059368449099 0.10188659406965742 0.1289490034088721 0.1660065318201619 0.47270427438718227 0.8110303683522111 1.199731206445393 2.4056077249960888
94 940 0.004222145601580582 2.413227034089997 0.06962451301829352 0.06962451301829352 0.09809918862565208 0.12805558162881706 0.16031614065527544 0.45767303829075967 0.8186259498451786 1.1911174959787094 2.413227034089997
95 950 0.0044406157529597095 2.431558802114261 0.06819130467723693 0.06819130467723693 0.09526764630945829 0.12385725720400728 0.16236256268455268 0.45601520532072926 0.8105852217249019 1.1866565581996433 2.431558802114261
96 960 0.005017037424116709 2.46068390273753 0.06766163189748894 0.06766163189748894 0.09387731498077327 0.11851358411533489 0.15445329981351602 0.4544823607911364 0.8538643201169198 1.183467231388974 2.46068390273753
97 970 0.005151111424461242 2.539266860756534 0.06566125978159888 0.06566125978159888 0.09279175625490274 0.11153509922119215 0.15522121671325687 0.4439736989254023 0.9782529888692041 1.1777363653184731 2.539266860756534
98 980 0.0051864428836511595 2.61439224051452 0.06438167412106982 0.06438167412106982 0.09041411962761761 0.10879124230735449 0.15618331509940178 0.43091886402529567 0.9576857311358297 1.159888552481303 2.61439224051452
99 990 0.005559974335947725 2.6256100468737467 0.06410281024187164 0.06410281024187164 0.08885959892612247 0.10140181563548438 0.15508491375482064 0.42766834299663625 0.9775921949871605 1.1853783597284797 2.6256100468737467
100 1000 0.006393753853382741 2.8126119315642617 0.06142188819741711 0.06142188819741711 0.08780907629229785 0.09757295192556713 0.15489570899617555 0.4257642316011441 0.9664829055925105 1.2006617322589235 2.8126119315642617
101 1010 0.0070306536353961484 2.8849139809968447 0.06016304570524958 0.06016304570524958 0.08767945576506754 0.09914276595482407 0.15351846980807832 0.4148147993678526 0.9291849523072783 1.2616267848582512 2.8849139809968447
102 1020 0.0072614122921170355 2.977185127988553 0.059823694162995246 0.059823694162995246 0.08010156108452855 0.09921313532377021 0.15384307573572006 0.41233295244326057 0.9190349614139747 1.302908049127064 2.977185127988553
103 1030 0.008906591672132553 3.004841126989901 0.06020352180099199 0.06020352180099199 0.07665069027042168 0.09879198329878204 0.15380864631509758 0.4148957016411146 0.903641094197509 1.2722292253326404 3.004841126989901
104 1040 0.010187599024655257 3.2284500430230936 0.05842666594154498 0.05842666594154498 0.07556254396124427 0.09692625701753536 0.15227256663266253 0.40235348750953415 0.9385038421962639 1.2949167971314166 3.2284500430230936
105 1050 0.01085857973577038 3.3580211595939433 0.058432412067812925 0.058432412067812925 0.07559557049470034 0.09518016463405324 0.14094063581436594 0.4064180087660799 0.9173719663721935 1.288879649791455 3.3580211595939433
106 1060 0.012250540924009101 3.358472563715036 0.05564426460535427 0.05564426460535427 0.07582658079507457 0.09150314096598226 0.1385372160486579 0.40467156839647894 0.9189865734531477 1.3136557278403187 3.358472563715036
107 1070 0.014688748478981712 3.4222503172070016 0.05491733801868937 0.05491733801868937 0.07183772294473026 0.08816285089279081 0.14123116072343989 0.4004262747805568 0.8932447921893505 1.4043599704535752 3.4222503172070016
108 1080 0.017660088003074826 3.4294136635445036 0.05203856445963393 0.05203856445963393 0.07084970634222834 0.08598644869031195 0.1393460993711535 0.41467918872449605 0.9015762703761693 1.455005573722307 3.4294136635445036
109 1090 0.021346144252766812 3.5855411770512915 0.050875071984196864 0.050875071984196864 0.0663363022973991 0.0872628749995682 0.12990042208655625 0.41444573512856075 0.9397664144222266 1.4666084955527694 3.5855411770512915
110 1100 0.02589604311263687 3.6405467517718404 0.04791189412405053 0.04791189412405053 0.0631636014686421 0.08652436447834139 0.12827307419360692 0.4199282906854391 0.9476705295971107 1.4721833100155683 3.6405467517718404
111 1110 0.03144893356545554 3.559155987164471 0.046889487268820196 0.046889487268820196 0.06318172693780873 0.08495294793263397 0.12656231127545686 0.41375828156120836 0.9518465123981199 1.4808752765252218 3.559155987164471
112 1120 0.03530583573234316 3.5349144786744557 0.04617430057120502 0.04617430057120502 0.06129756979086763 0.0831123517262058 0.12495271368102698 0.4074668403428685 0.9653640265776157 1.4953454527040821 3.5349144786744557
113 1130 0.04166912550074631 3.4730259454796983 0.044113801740314124 0.044113801740314124 0.059451346248902116 0.08138140569821954 0.12152972651501319 0.40576397179237744 0.9670463347909024 1.4956226766248915 3.4730259454796983
114 1140 0.04419678914166662 3.5506735927228625 0.04128139139897511 0.04128139139897511 0.05859330183137574 0.08326533504018445 0.12205145458021983 0.4087986484704585 0.9759014046573548 1.4843416915290994 3.5506735927228625
115 1150 0.0418172418927234 3.628470957093634 0.03907844621516706 0.03907844621516706 0.058967038536092135 0.08133414347719671 0.11847334322858591 0.4145103661433058 0.9727271686483479 1.4879504868369358 3.628470957093634
116 1160 0.04492511711588 3.6493068666210964 0.03841353922774949 0.03841353922774949 0.058260884382043285 0.07858662612232387 0.11542060300791453 0.4128873410580858 0.9224881043212434 1.4866787039604141 3.6493068666210964
117 1170 0.04703100050286008 3.9637084902194473 0.03813392846469625 0.03813392846469625 0.05263475801488926 0.07811020182646332 0.11429047842950289 0.41563633600114785 0.9208266274475829 1.5009061774568542 3.9637084902194473
118 1180 0.0484080119480829 4.013927622870466 0.03665766808723634 0.03665766808723634 0.052503515656406104 0.07519978500387683 0.11187928144653014 0.4090375798566485 0.9262669528844386 1.537219188439544 4.013927622870466
119 1190 0.04607298127832953 4.179659123732755 0.0345740168601433 0.0345740168601433 0.050194653986282645 0.07373557944190054 0.11072398896813677 0.4115032663696915 0.9475680298934314 1.5248895918283218 4.179659123732755
120 1200 0.045941226044293355 4.132583830701662 0.03287636612322515 0.03287636612322515 0.05011869172129926 0.07390058142323158 0.1098148049451776 0.41523360385370545 0.9432242475953124 1.5449588398798688 4.132583830701662
121 1210 0.04448568454315785 4.15173155790137 0.032012874815954315 0.032012874815954315 0.049910122049823834 0.07390974271715046 0.1039070640826945 0.40619222672769184 0.9328641850700191 1.549256054613035 4.15173155790137
122 1220 0.040706740569341586 4.171755523737147 0.03099966782975044 0.03099966782975044 0.04746204353372638 0.07205020021938786 0.10836207560879656 0.4273813079356041 0.9039560726909208 1.5392258072328298 4.171755523737147
123 1230 0.042781207260858344 4.2552036583017205 0.029942109002990717 0.029942109002990717 0.045275388771416125 0.0709046835611038 0.1035398552203553 0.42748457492797926 0.8948793090058765 1.5462483730957797 4.2552036583017205
124 1240 0.05045577368614467 4.503859423548314 0.02997762917179484 0.02997762917179484 0.044922042048406385 0.07066648888389815 0.09751611716385637 0.42870632857593644 0.9146237630214942 1.580172683116015 4.503859423548314
125 1250 0.05496096529958463 4.729235617700781 0.028838335261286308 0.028838335261286308 0.044786454179485485 0.07123377225223182 0.09377998880712274 0.4179151011621559 0.9192126984381167 1.5862378980417864 4.729235617700781
126 1260 0.05185842653993935 4.67996828677233 0.02919993016407794 0.02919993016407794 0.045188746219090685 0.07070519947619403 0.09152055901432679 0.40201675322222 0.9102895656841627 1.6348370460260029 4.67996828677233
127 1270 0.049303768230605845 4.634878705055141 0.028265470275854625 0.028265470275854625 0.04525637897294398 0.06627515518985158 0.08976460755118676 0.41471544971870083 0.8939875118657868 1.6618637967416465 4.634878705055141
128 1280 0.04845182580787812 4.604142572701227 0.028105648155559364 0.028105648155559364 0.04447303517727363 0.06624921854272343 0.08493071348099315 0.4091753059862285 0.9257946620127905 1.6605421828634686 4.604142572701227
129 1290 0.04713578477887724 4.4107101421892825 0.02811968112012037 0.02811968112012037 0.043186265492271066 0.06439302900456409 0.08695055552511781 0.4218089314360215 0.91550776103333 1.6250527157734496 4.4107101421892825
130 1300 0.04683187153378748 4.407791295683345 0.026012662012462415 0.026012662012462415 0.04288310547217781 0.06391114056915605 0.089267640038835 0.4260222349437678 0.8769739209436905 1.5976991193545145 4.407791295683345
131 1310 0.05024022397100308 4.208588858287512 0.025644732145782754 0.025644732145782754 0.04227119324327821 0.06313776912439377 0.08771322481707985 0.4193221384969877 0.8840165773928276 1.6425133103377345 4.208588858287512
132 1320 0.049387947433763714 4.232121116332928 0.025711280691976608 0.025711280691976608 0.040716314580534166 0.06097390810557484 0.08723189075719134 0.41766227395101047 0.8788119069283176 1.8170258508604311 4.232121116332928
133 1330 0.05100400009756703 4.543362258972628 0.02619405477720477 0.02619405477720477 0.03967541992195011 0.05673676593831842 0.08590870830552887 0.4172117930125939 0.8604080895527613 1.834129647100768 4.543362258972628
134 1340 0.05565079717470757 4.758560335805356 0.025852410949690593 0.025852410949690593 0.03902724431217353 0.05627639547454837 0.08503722386189276 0.41400077843469296 0.8364252411961107 1.7878724438233153 4.758560335805356
135 1350 0.06872895221960049 5.168065187593911 0.02585610929849678 0.02585610929849678 0.03856981532718435 0.05511870819021571 0.08249438037425783 0.41461021898666506 0.8188324692817049 1.7583633176671372 5.168065187593911
136 1360 0.07951075558037365 5.4895025307869805 0.025934505355082096 0.025934505355082096 0.03810921304723745 0.05290030748867099 0.08017557218935142 0.40684152434261356 0.8328755649748241 1.7576299619026394 5.4895025307869805
137 1370 0.07950080790416973 5.716648909655977 0.02490609527324391 0.02490609527324391 0.03529321068438885 0.053069926308083035 0.07771755531937703 0.41431013758734536 0.8337659555947513 1.7988313114044487 5.716648909655977
138 1380 0.08399614558406135 5.406186885225427 0.02452919485702405 0.02452919485702405 0.03335705631730744 0.052472093324518874 0.07786472609450334 0.4247094180825028 0.8418914022380425 1.790695039756719 5.406186885225427
139 1390 0.0868800980097721 5.65682218056956 0.022597066525531315 0.022597066525531315 0.033109896949561034 0.05263761258409166 0.07706767822049312 0.4156574433267074 0.8533367714112572 1.8083136677545144 5.65682218056956
140 1400 0.10122150891994491 5.91175284609549 0.020813417503447815 0.020813417503447815 0.03186900922659877 0.05086501419562326 0.07649782340352436 0.43121499584946094 0.862833156779246 1.8235762332320902 5.91175284609549
141 1410 0.12482013694251182 6.22371415873189 0.020300979169166303 0.020300979169166303 0.03184998449905395 0.05035367784549666 0.0792091817927955 0.43642778280492567 0.849384815805337 1.8341839439793068 6.22371415873189
142 1420 0.1266842331783764 6.644824937631771 0.01994782663298215 0.01994782663298215 0.03245990407964599 0.051162295672746314 0.076809062934029 0.4341121869179272 0.8452990740491121 1.8354137780487514 6.644824937631771
143 1430 0.13530209137147925 6.6399854120785875 0.019779770792905854 0.019779770792905854 0.032502685618810236 0.051389473591995985 0.071866399260961 0.43504326221150447 0.8203034573959754 1.8199097214029263 6.6399854120785875
144 1440 0.13980164770617337 6.586218375111122 0.018412013459638957 0.018412013459638957 0.03282931748038299 0.05187158108818229 0.07231617371579631 0.4311290105015839 0.8378927551836743 1.8021979392888596 6.586218375111122
145 1450 0.14067959832577184 6.636963029101687 0.017961162973067348 0.017961162973067348 0.031954275447651045 0.05040516120538556 0.07136734925813998 0.4123487043563798 0.8630627134759862 1.8281461511840522 6.636963029101687
146 1460 0.1484497097275714 6.760605946057975 0.01774087295660251 0.01774087295660251 0.029645035563871318 0.0490958474205202 0.07014558813904194 0.4159910494010386 0.8810471894196188 1.7984143005613313 6.760605946057975
147 1470 0.16278720417576067 7.156238707807701 0.016976740147555385 0.016976740147555385 0.028376263911862185 0.04985869070276633 0.06971270282642163 0.4241330171702828 0.8624855186839558 1.7807977452263413 7.156238707807701
148 1480 0.17283693555641003 7.321411700223504 0.01688340599045422 0.01688340599045422 0.028007312648346418 0.0472059785012104 0.07047350454517241 0.4396527591921193 0.8660124751197662 1.7436810064588582 7.321411700223504
149 1490 0.163891492450675 7.97943340181426 0.016802636287133674 0.016802636287133674 0.02668651021077479 0.04690032057318324 0.0668752539450401 0.43601573711912733 0.8439533502741158 1.7484693477209219 7.97943340181426
150 1500 0.16438546962058756 8.060805668458569 0.016498573826647763 0.016498573826647763 0.026577609810436147 0.04638224997851604 0.06052354080968197 0.43803122634269 0.8380102157057441 1.7647156565703552 8.060805668458569
151 1510 0.16432303106897314 8.243780152625119 0.01635798834066509 0.01635798834066509 0.026627043712781056 0.045119154578095885 0.05815030763025343 0.43069893722821023 0.8302341514059437 1.7783826530594258 8.243780152625119
152 1520 0.15398790193913206 8.479892570117192 0.016177648583946904 0.016177648583946904 0.02535644452241602 0.04187279927382803 0.057432320209134094 0.43802526469928194 0.8129287861137064 1.8067446121987332 8.479892570117192
153 1530 0.14321578204661692 8.390353315058636 0.015413298263448979 0.015413298263448979 0.0248631623337526 0.04115330927483106 0.057015315894939786 0.4264573226546656 0.8061032571074714 1.8189179974477951 8.390353315058636
154 1540 0.1296954433065424 8.479927892705234 0.015274675981307863 0.015274675981307863 0.023685961224137766 0.040345147882231064 0.05540347774234747 0.42536352642639236 0.782404979773999 1.8231642844043214 8.479927892705234
155 1550 0.12267689735966951 8.400183215689296 0.01501765819617441 0.01501765819617441 0.02240174367358524 0.040281423240830116 0.054911003371254895 0.412012366016389 0.7791854944431483 1.8033695983148013 8.400183215689296
156 1560 0.12233025656082373 8.450864627584176 0.014517792138865957 0.014517792138865957 0.02202936556091675 0.03922978986422952 0.054231017865425564 0.4204511320777677 0.7813584310018321 1.7422141421178192 8.450864627584176
157 1570 0.1074898353998589 8.137248059249831 0.014480268615937354 0.014480268615937354 0.02153556212727985 0.03784204222122586 0.05347166189245021 0.41275242105254534 0.8305078034973414 1.7608684414803082 8.137248059249831
158 1580 0.10332853617847787 8.02078932111998 0.013935893643762751 0.013935893643762751 0.02120047653176404 0.03606818312350759 0.05337528624550497 0.40820669418420186 0.8171058546117124 1.7549058963697202 8.02078932111998
159 1590 0.09325961618566356 8.34235362088887 0.013374585136097973 0.013374585136097973 0.021135282304516348 0.03407816548037835 0.05242247606082221 0.40980758651655136 0.7926869088995032 1.7476251623429118 8.34235362088887
160 1600 0.08884997937825277 8.336577136018741 0.012960121696643293 0.012960121696643293 0.02104461990496908 0.031969999597307584 0.05335698599239572 0.4154057039630129 0.7877331015246424 1.704547746037727 8.336577136018741
161 1610 0.08122454643101407 8.266790204389844 0.012481957052375935 0.012481957052375935 0.020189109777342843 0.03142758639071464 0.05206895115483596 0.42967435998280173 0.7932985655231426 1.6536985666510873 8.266790204389844
162 1620 0.07363212595058632 8.26961379222988 0.012228236671970632 0.012228236671970632 0.019965006828219074 0.03071996853604788 0.05324117705608265 0.41998865811110936 0.7691904549709142 1.6155179234060413 8.26961379222988
163 1630 0.06734408773041557 8.304169744023492 0.01194434222421666 0.01194434222421666 0.019258155402674875 0.030178007704288537 0.05346267982177992 0.4153561015055476 0.7675320721512694 1.5898476016804952 8.304169744023492
164 1640 0.06273364946239873 8.045906480697788 0.011722439260440493 0.011722439260440493 0.018677230944845236 0.029023925599055214 0.05248730780178483 0.41734806134752656 0.758593553250929 1.6061962534790155 8.045906480697788
165 1650 0.06589179200523872 7.844382419586582 0.01157163615948307 0.01157163615948307 0.01937222775535895 0.02703756291355868 0.05113061298235713 0.4240817558260083 0.7300955631303943 1.6056310301155858 7.844382419586582
166 1660 0.0640704194229356 7.575468656626707 0.011034171608644363 0.011034171608644363 0.020814667945657804 0.026320372373425473 0.05058220937571709 0.4344192759055326 0.7358805801006524 1.5606843360500056 7.575468656626707
167 1670 0.05898246983023249 7.6218863573331355 0.010737805420976854 0.010737805420976854 0.01993551425347166 0.025570552768319627 0.049223682275786315 0.4305288352452052 0.7285235645606544 1.6122722759615882 7.6218863573331355
168 1680 0.056414047254611924 7.731826125721738 0.010335123095204232 0.010335123095204232 0.018928849484377477 0.024815218082767765 0.048805302614192456 0.4446279941420896 0.7252185160824625 1.6354190599154688 7.731826125721738
169 1690 0.056603755102371214 7.790663760915843 0.010004831749248376 0.010004831749248376 0.018300827078189575 0.024620529618412126 0.04687403026835944 0.45248298226719036 0.7224925954396598 1.676537689134067 7.790663760915843
170 1700 0.05288625712734609 7.376422286128433 0.00983135162384202 0.00983135162384202 0.018092363588932778 0.024222986646577484 0.046345830537260164 0.4416147546829457 0.7143730142735644 1.7445147387799222 7.376422286128433
171 1710 0.04893001504813718 7.381247444998721 0.009199502400535565 0.009199502400535565 0.018048346118983927 0.02371680585037111 0.04667529299816832 0.4544159334348751 0.6951324070606721 1.7448453378646707 7.381247444998721
172 1720 0.04309593795227606 7.291324119582441 0.009320223952547222 0.009320223952547222 0.017236724387486007 0.023353709087708282 0.04395526885922613 0.4492921936232035 0.693403558934553 1.737295580469161 7.291324119582441
173 1730 0.03990729378686845 7.277266997010961 0.0086074373724037 0.0086074373724037 0.017170947671237863 0.022554607384296477 0.043397795800602955 0.4427351637843659 0.7002292559594829 1.7154304933104783 7.277266997010961
174 1740 0.03810486073968018 7.335397354050746 0.00828129672327031 0.00828129672327031 0.01682243227521432 0.02187858838739078 0.04248625752656142 0.4398460086606264 0.6955869471805237 1.7022597272933468 7.335397354050746
175 1750 0.03536943267230241 7.184031786727594 0.008184049474638109 0.008184049474638109 0.016673500234620362 0.02105789565412156 0.04141364675426177 0.4383609311689617 0.6951811575385979 1.7193103201183022 7.184031786727594
176 1760 0.03713369783524008 7.2351949213539175 0.008226968164437732 0.008226968164437732 0.015819428556678516 0.02032617604944132 0.040150506457340154 0.43593132854904054 0.7103522563422909 1.749813115311151 7.2351949213539175
177 1770 0.04072841507722854 7.353536956773997 0.007874051580944959 0.007874051580944959 0.015183265849418167 0.019778878725051293 0.04005301139121897 0.4653668103201311 0.7353639828964746 1.735609367809232 7.353536956773997
178 1780 0.04337316188519748 7.349541343849878 0.007435341760347045 0.007435341760347045 0.015143836436678663 0.01926520362913103 0.03843993533818023 0.5145305386980118 0.7340989270250002 1.7455141704759554 7.349541343849878
179 1790 0.046215746085148494 7.375577179476389 0.007015224920755481 0.007015224920755481 0.01487450018066729 0.018741971260832907 0.036506392007546705 0.5544980012601384 0.7351369637940903 1.7318756962651696 7.375577179476389
180 1800 0.05029942991826665 7.15388518819309 0.0067930605314875415 0.0067930605314875415 0.015045813085687863 0.018444293857355038 0.035939000572723485 0.5792047572967811 0.7345876518817279 1.7478630645443956 7.15388518819309
181 1810 0.05883977834385956 6.801946953399805 0.0067040302012716805 0.0067040302012716805 0.015316314003947425 0.017443265050013892 0.03489670923112897 0.6251984566377282 0.7275918728303801 1.7771181566897956 6.801946953399805
182 1820 0.062293168033924116 6.834875358671504 0.006725841961312209 0.006725841961312209 0.015294259688425979 0.01695951106393374 0.03311105453812306 0.6544172456956115 0.7336637577992347 1.8841793801525328 6.834875358671504
183 1830 0.06972886859750453 6.4740588265946135 0.006775550598752614 0.006775550598752614 0.015002121049243476 0.01679921405835806 0.030987243389743038 0.6961101163652033 0.7369460843634937 1.8953230464440423 6.4740588265946135
184 1840 0.07295575520982718 6.242419178905339 0.006858548000489741 0.006858548000489741 0.01446872104947546 0.016564757156825653 0.02955319044511571 0.7202955431982601 0.7886759207997277 1.9082519230831174 6.242419178905339
185 1850 0.06698115559157852 6.274159023114478 0.006861087421420368 0.006861087421420368 0.013086654238192457 0.016701907626897747 0.02870525056372974 0.7135474761033651 0.8167039922375116 1.9946904538657342 6.274159023114478
186 1860 0.059917865243523966 6.356732880419201 0.0066302918173911105 0.0066302918173911105 0.012735436671155781 0.016541348611909413 0.028287443295519098 0.6879306452869851 0.8131628832280889 1.9709759991518019 6.356732880419201
187 1870 0.06481561601466285 6.0035746163972386 0.0065208007278084856 0.0065208007278084856 0.012499280192110935 0.01615267784588634 0.02779869647602466 0.6841245594995652 0.8161557492849162 1.959369915747169 6.0035746163972386
188 1880 0.06761949546531497 5.8473360274498365 0.006544497877897934 0.006544497877897934 0.012759414129175584 0.015807609208175935 0.02751327920822989 0.7481792734846248 0.7804015161486033 1.9557359821745037 5.8473360274498365
189 1890 0.06564550106119132 5.790322005974476 0.006460687658823349 0.006460687658823349 0.0127301827299831 0.015177949900257871 0.02750920695989159 0.7099951847929992 0.7969751743942791 1.9798451625114017 5.790322005974476
190 1900 0.06929332176356945 5.631897596236135 0.006415743282511134 0.006415743282511134 0.012184249529322282 0.015075970151008294 0.02697239431537838 0.7093505973408454 0.788513760212886 1.9684413579136728 5.631897596236135
191 1910 0.07400523938719926 5.517438011573121 0.006481625066300744 0.006481625066300744 0.012457801371500184 0.01533544066232997 0.02520928588401557 0.7018725475018172 0.8169447694514174 1.9755477070051772 5.517438011573121
192 1920 0.08131746043603404 5.511536614991339 0.006103424193690192 0.006103424193690192 0.01237185528357777 0.01514487043690088 0.02431917559860997 0.6999754307570197 0.8340004398211804 2.1030446531588636 5.511536614991339
193 1930 0.08915550567465637 5.546329216703231 0.006035343391051503 0.006035343391051503 0.012180769833143056 0.015114097696452833 0.023348282712703863 0.6957045807014374 0.8825708074378146 2.1342633483932922 5.546329216703231
194 1940 0.08941154189035899 5.301922348373968 0.005974847271430476 0.005974847271430476 0.011947230745186872 0.014797196999778085 0.022760909522313896 0.7011199034661801 0.9124683696178023 2.2411145572704005 5.301922348373968
195 1950 0.08963571057511767 5.251657445152451 0.006005138811130403 0.006005138811130403 0.011383283223249033 0.014838961222184654 0.021987894679502098 0.7091245899045049 0.9162389745349202 2.2898271701249264 5.251657445152451
196 1960 0.08009731641289007 5.197367146436145 0.005976267328165254 0.005976267328165254 0.011290672214859698 0.013767837033627717 0.021951055080621375 0.6826376891807404 0.9450324424420873 2.3530745837266704 5.197367146436145
197 1970 0.07412828038034348 5.150917492588101 0.005834868395748293 0.005834868395748293 0.01112764208130619 0.013513884937032624 0.021320443875084978 0.680808542232223 0.9544726684851633 2.329696895661009 5.150917492588101
198 1980 0.0690639231930381 5.214863605430695 0.005568814791859384 0.005568814791859384 0.010717546377796284 0.013536309754695627 0.020807588535954446 0.6874825094841759 0.9690137039804525 2.322588508700839 5.214863605430695
199 1990 0.06877737814525085 5.145728504599223 0.00550244524733207 0.00550244524733207 0.010126499347228157 0.013966802127050787 0.020110817372163067 0.6807514701716483 0.9550104602323503 2.3502736838900393 5.145728504599223
200 2000 0.06830293572342097 4.897113064149432 0.005382443747956357 0.005382443747956357 0.009538946711425801 0.013725325943471948 0.019891493623821525 0.6917954594202799 0.9688073764101803 2.4335949883958223 4.897113064149432
201 2010 0.0773028787708717 4.71139526394459 0.005525660129880587 0.005525660129880587 0.009274669662641104 0.013730993167597702 0.019751826508409932 0.6743445367769146 0.9571569877693563 2.428798400339611 4.71139526394459
202 2020 0.08528129267841465 4.682541284428084 0.00554648416710526 0.00554648416710526 0.009207717647246465 0.01362875907987107 0.01988219729470824 0.6927801313913381 0.9183860996306186 2.510031097285916 4.682541284428084
203 2030 0.09953016028583202 4.496497602368869 0.005527192588664775 0.005527192588664775 0.009315208698360193 0.013634304379332027 0.02018709670797688 0.6855862124621754 0.9218351231644143 2.4931358597463897 4.496497602368869
204 2040 0.0987308688285804 4.543799925988827 0.0052777724453593605 0.0052777724453593605 0.008966571345525644 0.013594261507183568 0.02013475102334416 0.7541847387033128 0.9358738308564066 2.6230378027707917 4.543799925988827
205 2050 0.11181809838282147 4.510056293252696 0.0050060301919955625 0.0050060301919955625 0.008528651945072454 0.013368673634595514 0.020076409530840413 0.7710222685784378 0.9427741891897038 2.6738967365640227 4.510056293252696
206 2060 0.1479862873974303 4.563902229145061 0.0049836471932599114 0.0049836471932599114 0.008254327656276353 0.013358260988964641 0.019022113176782207 0.7543634093290594 0.9796738866424185 2.889786424552358 4.563902229145061
207 2070 0.2104100187720605 4.5389626302242085 0.005056195031947377 0.005056195031947377 0.008256430045747089 0.01348999552503089 0.01879449603333537 0.7397780186958842 0.975728785718384 3.1312700181606696 4.5389626302242085
208 2080 0.281500709486501 4.545871190745001 0.005052717535804838 0.005052717535804838 0.008234789690139207 0.013193490639836408 0.01850097038527412 0.7495129606915707 1.0028085764124557 3.2582605990544287 4.545871190745001
209 2090 0.3430607095387612 4.589552079737313 0.005023897041626658 0.005023897041626658 0.008206811009262306 0.012853450232699395 0.017037662322716106 0.7518740675247251 1.008934329542093 3.2589159502171836 4.589552079737313
210 2100 0.4476794770255682 4.533187474681959 0.004982374686002502 0.004982374686002502 0.00812881090489508 0.012465001075956392 0.016529394228080373 0.7455774000940776 1.0107221820735013 3.1984081860844005 4.533187474681959
211 2110 0.547481104571293 4.7993137816812155 0.004850937675168984 0.004850937675168984 0.007966730051687413 0.012712156082559054 0.016103462166237398 0.7422094377652203 1.0053874157749358 3.045373513170399 4.7993137816812155
212 2120 0.7352146137539681 4.607279147521487 0.004654473325119104 0.004654473325119104 0.007705734943870928 0.012656391888152768 0.015853708293679093 0.7465575373621369 1.003347222983691 3.0974664489382677 4.607279147521487
213 2130 0.9486324086445107 4.612312322792301 0.004653918967237581 0.004653918967237581 0.007623556680926656 0.012493205491896578 0.0162427288889089 0.7395808808148618 1.003531379647399 3.088529541122563 4.612312322792301
214 2140 1.2361846570582162 4.59799993048775 0.00470415487993659 0.00470415487993659 0.00771536980218847 0.011895013053226157 0.01639269649066031 0.7338735542549646 0.9591395953716164 3.0781622541785016 4.59799993048775
215 2150 1.53608315777316 4.714637388588013 0.0046084720077871925 0.0046084720077871925 0.007750257731946828 0.011609117675561172 0.015651321421971186 0.7295697127227804 0.9891957666721859 2.993561218593821 4.714637388588013
216 2160 1.912348298807656 4.579652086662407 0.0044601099856998675 0.0044601099856998675 0.007662250237142487 0.011493738741046429 0.01570049741606641 0.7482698273631312 0.9943434577021767 2.895787934319492 4.579652086662407
217 2170 2.221980105670428 4.411030188607383 0.004455491302864684 0.004455491302864684 0.007585178299376188 0.01149405800435685 0.015573523933994717 0.7569344903182325 1.0066718869148588 2.821731243068881 4.411030188607383
218 2180 2.349834726089082 4.393405256767319 0.0043716360034411535 0.0043716360034411535 0.007499854826304507 0.011018453853409566 0.015316712969069534 0.7311535047814892 1.0007072696603447 2.79526803780203 4.393405256767319
219 2190 2.3868048700896707 4.286917608419759 0.004375938397650386 0.004375938397650386 0.007387835440283668 0.010935223953797032 0.014748207930837585 0.7313307679738325 0.9937805522804373 2.8212421122584272 4.286917608419759
220 2200 2.166463896193065 4.030528406811755 0.004260117360975403 0.004260117360975403 0.007515770656044747 0.010808674352047616 0.015010556172935619 0.727067857861385 0.9928045231884591 2.778157212227994 4.030528406811755
221 2210 2.011796920950698 3.716965658660035 0.004116602445025752 0.004116602445025752 0.0074790540562892915 0.010613741910657486 0.014975067575421401 0.7229282292987202 0.9876586140602738 2.775536377050716 3.716965658660035
222 2220 1.744670782003735 3.653785886095584 0.004042755960754885 0.004042755960754885 0.007596326610095458 0.010390818592329138 0.01453030868353927 0.7002525166704631 1.0004068087593068 2.721172053098546 3.653785886095584
223 2230 1.6604248320421553 3.5689166975282283 0.004044032887504883 0.004044032887504883 0.00756750241449882 0.010268606975264247 0.01396864547946708 0.693759981840537 0.9738047490869318 2.6530717061468705 3.5689166975282283
224 2240 1.7021993538184537 3.6284277187154945 0.003990645953601254 0.003990645953601254 0.007315636705156592 0.010049027159957874 0.014163965045851714 0.6948107781854529 0.9636396685242824 2.510997788659899 3.6284277187154945
225 2250 1.5592609701313485 3.4972209770543485 0.004008558644596949 0.004008558644596949 0.007221072670385517 0.009240535181726354 0.014641932916634678 0.7066920919070117 0.9600377104543529 2.505203807725192 3.4972209770543485
226 2260 1.4342602255147743 3.341044680016461 0.004007421321436652 0.004007421321436652 0.00739198490740359 0.009184145330522857 0.014210755834434792 0.7018238291098389 0.9693355972616023 2.3346876649861747 3.341044680016461
227 2270 1.4058751665478952 3.238749122220022 0.003986299001700604 0.003986299001700604 0.0074988156485978315 0.009048087404574993 0.01412150333970517 0.677923266362203 0.9974522349449011 2.301731178286752 3.238749122220022
228 2280 1.3523433904155675 3.0756784944146482 0.004034241930938665 0.004034241930938665 0.007527967338254027 0.009059278062326998 0.013830671848968459 0.6878283523201524 1.0112472852140888 2.2532814429039343 3.0756784944146482
229 2290 1.3478774010253558 3.0520936095128435 0.004027636797825217 0.004027636797825217 0.00755256407659194 0.008668628464651107 0.013693754799891983 0.7032844216811306 1.000310693294837 2.2063274908346946 3.0520936095128435
230 2300 1.33227600348411 3.065564423588897 0.004168708840337692 0.004168708840337692 0.007623697877762933 0.008626866586896691 0.012928408316056243 0.7037211593287204 0.9893075457506586 2.0952202033627625 3.065564423588897
231 2310 1.2493564323315418 2.992114206355952 0.003839307127757784 0.003839307127757784 0.00754450836031432 0.008565613103319913 0.0129588162368824 0.7044632253466796 1.0267658672972881 2.06456371937328 2.992114206355952
232 2320 1.2044690493635721 2.8680306722396045 0.003793005458831339 0.003793005458831339 0.007638486760962541 0.008753778390049942 0.01284233615430745 0.6916885950850985 1.0200242334814265 1.9719372469277852 2.8680306722396045
233 2330 1.0905341146879344 2.6221795782959205 0.003894491213930852 0.003894491213930852 0.007603040231243634 0.008597773286433038 0.01291391247039089 0.6892084729262091 1.0326065037301582 1.9662665166961721 2.6221795782959205
234 2340 1.1144255521096844 2.5410998583880477 0.003850125156991266 0.003850125156991266 0.007530523784534037 0.0086156670843467 0.012788337357506712 0.6683755249360347 1.062360828197417 1.9484561869824955 2.5410998583880477
235 2350 1.029340898747939 2.546649899479539 0.003840518841456266 0.003840518841456266 0.007529893230198123 0.008733532907599137 0.012253658232221487 0.6401523509159391 1.112261638053168 1.8933893057853843 2.546649899479539
236 2360 0.999308881781676 2.3919768229814524 0.003849779607651834 0.003849779607651834 0.007598664747854664 0.00893708693157705 0.011972343928078808 0.63635316166427 1.0698148870232083 1.870833449539085 2.3919768229814524
237 2370 0.972272308065051 2.224850094782063 0.003761528746767364 0.003761528746767364 0.007536661950442633 0.009035871845062425 0.011817004134700186 0.6482159713571003 1.0970382953473163 1.8160966734859345 2.224850094782063
238 2380 0.9125397076312698 2.2137681670434417 0.0036331646170829407 0.0036331646170829407 0.0074607074801337665 0.009014847376313891 0.01172665168047477 0.6330975748997726 1.1203820126400303 1.7837988213733273 2.2137681670434417
239 2390 0.8572943148803743 2.1058880339923483 0.0034386705838891207 0.0034386705838891207 0.007374645045531703 0.008953089964228804 0.011741035533264407 0.6473418917153856 1.1208852786089731 1.729838114420629 2.1058880339923483
240 2400 0.8265769466254493 2.071449728644851 0.0034088903808708673 0.0034088903808708673 0.007382378872250866 0.008908628789611668 0.011774494428098846 0.6377734158571066 1.118702940814739 1.6535414543402203 2.071449728644851
241 2410 0.9253926890667075 2.012375203935054 0.003386518912339004 0.003386518912339004 0.007483020007489039 0.00895075205849982 0.011560649980042647 0.634705772586299 1.120916367871431 1.5680544985714633 2.012375203935054
242 2420 0.9740631019045178 2.0140561608562035 0.003353614320208201 0.003353614320208201 0.007604467837999455 0.008639849911105781 0.011479311354824027 0.6241934014168158 1.2711569917455887 1.5528337295730397 2.0140561608562035
243 2430 1.020059638033098 2.0278703869766344 0.0032979247240932496 0.0032979247240932496 0.007335909253031664 0.008492964582269035 0.011471512104163275 0.5931850771275834 1.32885666634065 1.5224395765569667 2.0278703869766344
244 2440 1.016536355202951 1.9203256035606273 0.0033042010622253083 0.0033042010622253083 0.007327383002503561 0.008698533745566235 0.011502802803557912 0.5765446273372682 1.355703991369766 1.5113041481222511 1.9203256035606273
245 2450 0.9812307889758809 1.8885309055828714 0.0032936161359759506 0.0032936161359759506 0.0072796591611942905 0.008536131635256001 0.011501644937686344 0.5782104000852748 1.3453737046766887 1.4367091085222872 1.8885309055828714
246 2460 1.1287620894017045 1.9176081856433214 0.0032142762626137526 0.0032142762626137526 0.006940281377413973 0.008162107665617303 0.011254930791982705 0.5760533914892129 1.343246973888933 1.447482701538588 1.9176081856433214
247 2470 1.4139270587985382 2.072916818306951 0.0030145405705591004 0.0030145405705591004 0.0069553758207462815 0.00814209415261204 0.011715579105321677 0.5868998430087167 1.3247969500559125 1.3973110124768535 2.072916818306951
248 2480 1.7401040656567548 2.1407850748877175 0.0030071795304272195 0.0030071795304272195 0.006981891949613573 0.008049573539544691 0.011844840355735582 0.5936592381259961 1.2810385434806606 1.454555208526893 2.1407850748877175
249 2490 1.8536750066612009 2.1908993340804037 0.0028741408486812783 0.0028741408486812783 0.007034713916786167 0.00783221282116434 0.012031973003896414 0.6088909584298245 1.2381386394748772 1.4264072185018635 2.1908993340804037
250 2500 2.2264054442368253 2.177928358839825 0.002834930846360016 0.002834930846360016 0.0067403899306312486 0.007822861650189965 0.012337643225518299 0.5876077721740118 1.1822547601755733 1.4157824431916934 2.177928358839825
251 2510 2.354682750382566 2.201400347168718 0.0028432292710146322 0.0028432292710146322 0.0067413650249804275 0.007918695522261246 0.012094596803269733 0.5983368696345315 1.1542235204404427 1.4022183896563358 2.201400347168718
252 2520 2.2515555774093374 2.1608600599754193 0.002859324658263586 0.002859324658263586 0.006685183924446705 0.007672113540163127 0.012031080155198265 0.587248172471928 1.1415456359544864 1.3386475619340181 2.1608600599754193
253 2530 2.059895629040637 2.1168082956766274 0.0028158504812138664 0.0028158504812138664 0.006588674049575276 0.007789601180758346 0.01144412439891189 0.5659998159697041 1.1228520539041433 1.319064647701577 2.1168082956766274
254 2540 1.9779874067256618 2.0818099023524472 0.002760584049251256 0.002760584049251256 0.006390220535232363 0.0073414472206770375 0.011499872702614043 0.5431893617978004 1.1084835094555026 1.343291499063319 2.0818099023524472
255 2550 1.8406945464811506 2.080014923615053 0.00278709844876925 0.00278709844876925 0.006323330727943098 0.007070361768460806 0.011444341262777 0.5193143180389337 1.070231266763821 1.3346000073101512 2.080014923615053
256 2560 2.01225765960931 2.1169114081210485 0.0027334526184696396 0.0027334526184696396 0.00598069875607029 0.007094323706145656 0.011291873666226316 0.5078872447410838 0.9976407059162085 1.3342258958645283 2.1169114081210485
257 2570 2.092683403496669 2.4552681106494236 0.0025949255107843724 0.0025949255107843724 0.005936313320510291 0.007077018051108402 0.010968280841282185 0.5020579445143022 0.9739248672717074 1.3263114015605266 2.4552681106494236
258 2580 2.3460136320913345 2.5619391093960777 0.002576174524606097 0.002576174524606097 0.0056537582287588565 0.006869565597243687 0.010920516188963362 0.4848542831564423 0.9673701411857695 1.3445402455102389 2.5619391093960777
259 2590 2.969217714155592 2.770853462278597 0.0025742184581226605 0.0025742184581226605 0.005461335996959912 0.006846665066732987 0.010931155230017192 0.4792201900208078 0.9493640857932919 1.365577942186131 2.770853462278597
260 2600 3.2031962110932635 2.960205816514274 0.0025218211800561614 0.0025218211800561614 0.005235837356762939 0.006803643541805368 0.010677790626176001 0.48479697061009397 0.9623114192635203 1.3417995323443483 2.960205816514274
261 2610 3.431290567199806 2.9428852716580414 0.0025658809037776733 0.0025658809037776733 0.005170291705309542 0.006700167728487922 0.009839990573480185 0.486175009924992 0.9495247265274659 1.3092030548344809 2.9428852716580414
262 2620 3.68960621845831 2.9756426037345385 0.0025293300981105537 0.0025293300981105537 0.005092538690879187 0.006507021954487986 0.009881241117599719 0.4887205084611852 0.9556980874572847 1.230325805333746 2.9756426037345385
263 2630 4.124574573886062 3.171465643761681 0.002525942519062066 0.002525942519062066 0.005037599005824082 0.006266940617774307 0.009813312435021681 0.48542242563439003 0.9490791104657691 1.196911531942478 3.171465643761681
264 2640 4.698792469278128 3.5411068429753163 0.002448131902296396 0.002448131902296396 0.005033339058223563 0.006145034806459615 0.009823911083317491 0.48903039229017803 0.9052619621872059 1.155664692729504 3.5411068429753163
265 2650 5.1381167700999315 3.89464752299446 0.0024439665845039757 0.0024439665845039757 0.004922469461207523 0.005974131126687412 0.009362049848410835 0.4865204824596121 0.8882407742014079 1.1424142800793846 3.89464752299446
266 2660 4.671105398658373 4.111801524735314 0.0024789122793201614 0.0024789122793201614 0.0047581107814194815 0.0058094669604594265 0.009433127173471011 0.49399681264038814 0.8855715058441571 1.1095211565963448 4.111801524735314
267 2670 4.273876308080146 3.904709546870125 0.002452249895224225 0.002452249895224225 0.004448204039003862 0.005741044110136476 0.009411615697236978 0.5061520664361359 0.8763387303766558 1.1112912748405714 3.904709546870125
268 2680 3.760753647743088 3.793790927416493 0.0023883381572425326 0.0023883381572425326 0.004332457863666245 0.005692260438872484 0.009493489242426446 0.4988367827924512 0.8644032512868131 1.0971065390225276 3.793790927416493
269 2690 3.721325674941752 3.73339663091205 0.002400326083929684 0.002400326083929684 0.004228792617172859 0.005550566777802679 0.009121731278768032 0.4888142288829348 0.854006140433997 1.0685340347669376 3.73339663091205
270 2700 3.389031716297816 3.8336913778688997 0.002387374359397534 0.002387374359397534 0.004042772134055877 0.0054980676217592245 0.008767455433129836 0.48978858443333173 0.8515042843040944 1.0712198967647213 3.8336913778688997
271 2710 3.3617898378420397 3.8526143308941165 0.0023568951376060406 0.0023568951376060406 0.003966880721964999 0.005390983388678754 0.008463865036582384 0.47387044503678505 0.8467654677314899 1.0648749377354219 3.8526143308941165
272 2720 3.593101898686323 3.750235096983281 0.0022304572120754886 0.0022304572120754886 0.004051553169982259 0.0054274610160131905 0.008432766256592205 0.4677127250740521 0.8582765017677018 1.0495885109559058 3.750235096983281
273 2730 3.1988179210230765 3.4430799170693764 0.002234546475197321 0.002234546475197321 0.0041305356673369065 0.00565624665202093 0.008258222061982816 0.4634163175736779 0.8481129879489917 1.0696513573646254 3.4430799170693764
274 2740 2.8093366188344207 3.4048298934108066 0.0021517515092831225 0.0021517515092831225 0.00397564501932048 0.005636865262390374 0.008211085689682538 0.46373193405872165 0.8328227745293678 1.040777346804589 3.4048298934108066
275 2750 2.7323953814015582 3.308965822478557 0.0021354271936477012 0.0021354271936477012 0.0038954969988451264 0.00539947113206214 0.007869200146413059 0.4617132130119491 0.809640897981121 1.0672139699692664 3.308965822478557
276 2760 2.6834592738586474 3.1949002248310814 0.0021131219040679485 0.0021131219040679485 0.003970360929787397 0.005373461080620819 0.007788746979832456 0.44870367015619855 0.8049611806995334 1.0730393411468748 3.1949002248310814
277 2770 2.713651195614611 2.9746226200899355 0.002078063145353765 0.002078063145353765 0.0038590968089107303 0.0053243642708961396 0.008036916067145699 0.45108921291420845 0.7963697466366464 1.1011303182317358 2.9746226200899355
278 2780 2.760664215988804 2.9792200468828525 0.0020185650495660227 0.0020185650495660227 0.003923390345212171 0.005098932806492947 0.008231676965549823 0.44436104421592737 0.7989854214171094 1.0596121273129597 2.9792200468828525
279 2790 2.715573667725937 2.9775834173406452 0.0020115700755682494 0.0020115700755682494 0.003932786093588908 0.005016386198622798 0.007864887121902945 0.4407524758105234 0.7968733578346222 1.1025353284617843 2.9775834173406452
280 2800 2.957311665995062 2.911561163066287 0.0020132599056783135 0.0020132599056783135 0.003923348665901245 0.004939147482012884 0.007906980243340807 0.42969766682411703 0.7850615931922152 1.0496396861764532 2.911561163066287
281 2810 2.93947132707402 2.7583770931681535 0.0019890622753406945 0.0019890622753406945 0.004017788976671982 0.0049269527139356286 0.007583816260898124 0.42766119899073385 0.8499495862860078 1.0674304878753744 2.7583770931681535
282 2820 2.7436535331966097 2.7250484530016226 0.0019406699448369492 0.0019406699448369492 0.003987717814981705 0.004699403567374293 0.00762688818012562 0.42095593523213026 0.8241059850470196 1.137487168683269 2.7250484530016226
283 2830 2.7166251656374603 2.7228287237940907 0.001862597535552625 0.001862597535552625 0.004046283758717773 0.004657538824222984 0.00748282297152116 0.415634770613672 0.7981833109916484 1.1352072854928985 2.7228287237940907
284 2840 3.181461723960858 2.753420797354675 0.0018406565614660488 0.0018406565614660488 0.004057806560511837 0.004638013741309548 0.007307922866305974 0.4188164882580434 0.7652615686325158 1.1514146871166084 2.753420797354675
285 2850 3.2511044085068406 2.6726737641053857 0.0018950404665671527 0.0018950404665671527 0.004026468592840046 0.004477202102305786 0.007495377380911888 0.41959071089650213 0.7523656910183355 1.2241262226508207 2.6726737641053857
286 2860 3.0122922823199194 2.52578613399996 0.0019043610048995368 0.0019043610048995368 0.00404479227059234 0.00437467128865219 0.007500785176910897 0.41560990896688443 0.7211037455646525 1.2300862674817497 2.52578613399996
287 2870 2.888730286054998 2.4847592111874293 0.001883431567033601 0.001883431567033601 0.003913742113820227 0.004147459920609259 0.0074089321420070554 0.4088989589729766 0.7064184503154132 1.24870672465647 2.4847592111874293
288 2880 3.066601277090632 2.437934566853949 0.0018785453632104675 0.0018785453632104675 0.003903104318064848 0.004115762960391673 0.007182907092391469 0.3975683440651565 0.6945762113770902 1.2262428155172627 2.437934566853949
289 2890 3.292041316508501 2.334279938431422 0.0019471226510146627 0.0019471226510146627 0.0038420479652215094 0.004057874937894843 0.006888190882931996 0.3881022767755763 0.7455069183300566 1.2263278463943386 2.334279938431422
290 2900 3.170318084704368 2.2332231071368294 0.0018723780223820828 0.0018723780223820828 0.0038307945921979155 0.0040164263113647335 0.006957176809840082 0.38573690847086906 0.7648999613994218 1.2813096820244625 2.2332231071368294
291 2910 2.9839874429333273 2.108522846041 0.0018586319697806962 0.0018586319697806962 0.0037281301187194137 0.003994799450261208 0.0069102886026018336 0.38870727661758014 0.7751796843341517 1.2764345085721913 2.108522846041
292 2920 2.763572446094922 2.1487708097599105 0.0018299829579256283 0.0018299829579256283 0.003554903592435987 0.003933392346412121 0.006897696846003077 0.3969469506706311 0.7470941622149612 1.277852996664011 2.1487708097599105
