% # columns="iteration, evaluation, sigma, max axis length,  min axis length, all principle axes lengths  (sorted square roots of eigenvalues of C)", seed=841059, Wed Apr  1 10:13:27 2020
1 10 0.4891896240444322 1.0000437509570452 1.0 1.0 1.0000062500195313 1.0000125000781253 1.0000187501757822 1.0000250003125026 1.0000312504882864 1.0000375007031337 1.0000437509570452
2 20 0.47644718660114954 1.138660209417545 0.8942841185704922 0.8942841185704922 0.9540475564497221 0.9754571413878506 0.999841733258842 1.002540462140258 1.015892685705063 1.0254364161103653 1.138660209417545
3 30 0.4579456174945867 1.1724568151725043 0.83212604067033 0.83212604067033 0.9122760599157679 0.9503861534156194 0.9790608430240483 0.9956637810180464 1.0198630935832989 1.0625285319869895 1.1724568151725043
4 40 0.4649585057838481 1.1905628329699294 0.8024055859775835 0.8024055859775835 0.8835451377294968 0.9192000670942404 0.9485849985435263 0.965462974347849 1.0371799991447577 1.078126483063643 1.1905628329699294
5 50 0.4011869367862869 1.2598880685951637 0.8002854647171421 0.8002854647171421 0.8417875381386825 0.9064468328886433 0.9320415114030655 0.9965313033664528 1.0278840322143852 1.055003091141998 1.2598880685951637
6 60 0.3759758255358218 1.2637858939386857 0.7514760539206969 0.7514760539206969 0.8180682280359783 0.867738307683621 0.9371731955368755 0.988805551105088 1.0349946313385026 1.0496792058537794 1.2637858939386857
7 70 0.34434515886749084 1.2915451780522005 0.7473556020150709 0.7473556020150709 0.7875327933674395 0.8429616911343522 0.9131100564642401 0.9706307332290371 1.0268327027403528 1.0567783810815408 1.2915451780522005
8 80 0.32021313345189273 1.2830516924149091 0.7056515870978769 0.7056515870978769 0.7809720495096546 0.832231592752655 0.8642072301479058 0.9748867922017016 1.0398231727934109 1.0792298392646402 1.2830516924149091
9 90 0.29161786228271785 1.2272176713243417 0.6910987867604304 0.6910987867604304 0.7684740228403387 0.8287576769933548 0.8876762882717558 0.9642471068856129 1.0257572589196995 1.0727482455677166 1.2272176713243417
10 100 0.2649742789291662 1.246210219531837 0.6563749470085791 0.6563749470085791 0.7477687711422853 0.8063404247866146 0.88599973586528 0.9768877042087387 1.0207775962596404 1.0554569510671163 1.246210219531837
11 110 0.23532923526810196 1.2321693136981344 0.6476268688750498 0.6476268688750498 0.735121110359447 0.770000986049366 0.8713447916477294 0.9631478049407394 0.9896364126694013 1.0611583635408661 1.2321693136981344
12 120 0.23313636492526837 1.2167525988217152 0.6491370097107875 0.6491370097107875 0.683344403967081 0.7737905662268537 0.8619673067345707 0.9493989189947515 0.9884356591085315 1.0574000516061495 1.2167525988217152
13 130 0.22707661378456082 1.2417000767721187 0.6159662455859689 0.6159662455859689 0.6571851865232512 0.8175183309865078 0.8676074817776902 0.949053813157385 0.973479536999977 1.0341779611379975 1.2417000767721187
14 140 0.19668697762019113 1.2332642046545816 0.5949435229311661 0.5949435229311661 0.6359461771478808 0.8316267099699943 0.8681888626897583 0.9325967269373548 0.9950344718468115 1.0293576569369407 1.2332642046545816
15 150 0.19822649091058994 1.2112630176786499 0.5679065429438906 0.5679065429438906 0.6047532921298305 0.8354285702989493 0.8435857627560882 0.9253118335134319 0.9874217262271585 1.0267325815916226 1.2112630176786499
16 160 0.18579446335922 1.2165792361023577 0.5596689899056582 0.5596689899056582 0.6134313982016653 0.8068228723952143 0.8871430728163905 0.9269113766911247 0.9755517527720038 1.021090051111458 1.2165792361023577
17 170 0.17144358444652208 1.1908852981885103 0.5380040106072423 0.5380040106072423 0.6046088419769241 0.7586312402258136 0.9151024496353771 0.938165232985455 0.9677257891779457 0.9930461204763953 1.1908852981885103
18 180 0.16605424115415737 1.17509038786644 0.5285414727653006 0.5285414727653006 0.598475119542322 0.7498105417540415 0.868964700262863 0.909439031776437 0.9735988847812342 1.0163819039231135 1.17509038786644
19 190 0.17033477263992253 1.1439539921893962 0.5290403710447211 0.5290403710447211 0.5896558143125227 0.755968096038341 0.8142433442662738 0.9212159095201184 0.9603499402780695 1.008879384005214 1.1439539921893962
20 200 0.16554863726904728 1.161936200469169 0.5217755055967185 0.5217755055967185 0.5713246326659683 0.7374371496198358 0.7530123484219103 0.9080137975140795 0.9522809762504779 1.1312326172758727 1.161936200469169
21 210 0.17435073527862102 1.1932410453792566 0.4853959028736592 0.4853959028736592 0.558681063178936 0.7101243693366514 0.7478856190280614 0.9186880771359386 0.9479183204661011 1.1547270374438923 1.1932410453792566
22 220 0.2070182405715627 1.2116275800328073 0.484427051487242 0.484427051487242 0.5460689306763372 0.7086434776213628 0.746458980936081 0.9018402521760892 0.9771594019946581 1.1301669200731637 1.2116275800328073
23 230 0.21615307797265393 1.2365796585863766 0.4981283054745468 0.4981283054745468 0.5370325960131076 0.6853471851719346 0.7613091877230841 0.9220373746649309 1.0187468609212702 1.0901484385157125 1.2365796585863766
24 240 0.19684402557416547 1.2132776376790024 0.4791176140008483 0.4791176140008483 0.5353134254763646 0.6679330343784241 0.7725730500958622 0.884381343044326 1.0462133590452658 1.098763851406811 1.2132776376790024
25 250 0.174206391299023 1.2145176454738598 0.45945782939960983 0.45945782939960983 0.5258111351659632 0.6182949401209257 0.7689916134305719 0.8982003844610742 1.0325204696423476 1.090934012344727 1.2145176454738598
26 260 0.16178703111685147 1.2107768537980514 0.4402563819916561 0.4402563819916561 0.5011779212363829 0.5909052903034799 0.7895115272255806 0.8861634399133059 1.0344999472796577 1.0933653356809567 1.2107768537980514
27 270 0.15064471037394075 1.1866219671688192 0.45604374844740775 0.45604374844740775 0.48782581139169334 0.5605504108967407 0.7857869136704984 0.8938879599791836 1.0053319770339746 1.0671383685354077 1.1866219671688192
28 280 0.15805824081083208 1.1591294399242678 0.42701115873829576 0.42701115873829576 0.49316102313422877 0.5552274143636625 0.7731375878897838 0.8729146534116915 1.0079417882908641 1.0696924395734286 1.1591294399242678
29 290 0.1489810509228468 1.2280980543838693 0.41136375306663314 0.41136375306663314 0.45411579181097467 0.5521286903780309 0.7833429968631109 0.8688711169884028 1.0368822054916071 1.0738745593003587 1.2280980543838693
30 300 0.14292439945109117 1.2598025329014084 0.3924712482477224 0.3924712482477224 0.4516399310055373 0.521972186793428 0.7605210246456003 0.8796767854013625 1.0267551360225475 1.0866391493154957 1.2598025329014084
31 310 0.14297626541047578 1.2807860039237238 0.3677017060622774 0.3677017060622774 0.4483770519921645 0.48957793727307275 0.768310537776684 0.8743424754870293 1.0680875835523755 1.0811424437063766 1.2807860039237238
32 320 0.12454164767473293 1.2669836397004346 0.36178568048519477 0.36178568048519477 0.44611872008980297 0.48362582190355685 0.7409800015362731 0.9188432912928853 1.0519613726476182 1.0669818586942426 1.2669836397004346
33 330 0.11397686584619879 1.217597633658439 0.3485427755588848 0.3485427755588848 0.4229767387584253 0.47222380433895655 0.7454333021515217 0.9218656109368436 1.0516229856745158 1.0626954199398566 1.217597633658439
34 340 0.10467607768458728 1.223046163935235 0.3380441364310301 0.3380441364310301 0.40930909068768767 0.46481398942481555 0.7557535177547063 0.8969198636000967 1.0315930861728568 1.0651728782269045 1.223046163935235
35 350 0.09011279419189552 1.2076535849148533 0.3359271045136052 0.3359271045136052 0.3969456032355797 0.4406626709872179 0.7471942975116204 0.905595852302167 1.0336244302903241 1.0918421319897489 1.2076535849148533
36 360 0.08791204854891696 1.1883847580864597 0.33421759500362264 0.33421759500362264 0.3986714554444414 0.4436395141083415 0.7439795421253307 0.8676701316133123 0.968110007568186 1.0692834843238563 1.1883847580864597
37 370 0.07936272580543258 1.1430768376818272 0.32817208133129483 0.32817208133129483 0.3829563129832148 0.45263523631541325 0.7128954555739478 0.8545917729372756 1.0318841886581607 1.0645566370607742 1.1430768376818272
38 380 0.07544734241132854 1.137039496286281 0.31749410605273776 0.31749410605273776 0.3661139191027052 0.4497383689312577 0.6849071621173053 0.8481330306070938 1.0341819726669494 1.1211913250981507 1.137039496286281
39 390 0.06836186127767961 1.1645354517778792 0.31136599857958563 0.31136599857958563 0.35968535387188755 0.4469075232202221 0.6873929272152366 0.838473674673389 0.9681720841798837 1.0982588206130015 1.1645354517778792
40 400 0.07266181094237505 1.160831846886293 0.29957580997481265 0.29957580997481265 0.3604704447352702 0.4397529314961878 0.6727174614422815 0.8542489051038502 0.9105275532735295 1.0760903637935604 1.160831846886293
41 410 0.07015205163466341 1.2121659051064728 0.3019811947311005 0.3019811947311005 0.34545632899254003 0.42846303771449123 0.642917368735604 0.837117476695012 1.0116242600548717 1.066793701183285 1.2121659051064728
42 420 0.07362862732175582 1.2114120205285857 0.2892339084856153 0.2892339084856153 0.34226723404488535 0.43123663960080594 0.6287969673827213 0.8402537425213517 0.9578566949508028 1.0838549748990618 1.2114120205285857
43 430 0.07246201303326878 1.2249696772110876 0.27817763344532576 0.27817763344532576 0.3341897413889555 0.42339104879678163 0.6171367522008366 0.8459043524060673 0.9896028278015548 1.0943701100151455 1.2249696772110876
44 440 0.0707082484039248 1.235074474259885 0.26053503671656786 0.26053503671656786 0.3398205313660095 0.42158537622819187 0.5970799657882221 0.8287461870343392 0.9767720532910819 1.1076889725951573 1.235074474259885
45 450 0.06885926861214625 1.2433971304909426 0.25316238290432547 0.25316238290432547 0.32530920310960515 0.41356156124060145 0.5935143083779284 0.8298013634043948 0.9665644246181515 1.1463177034454617 1.2433971304909426
46 460 0.07670227186025128 1.269705913560619 0.2398033578083786 0.2398033578083786 0.3196093079562435 0.41491083636058557 0.5726645838335894 0.8265829781140821 0.9560738073923164 1.1729155455714009 1.269705913560619
47 470 0.08535814407922687 1.3436564445519597 0.23898902904849256 0.23898902904849256 0.30517424351909794 0.4116870072310882 0.5463758217455872 0.8646230071418413 0.9466788397278117 1.1930104927900704 1.3436564445519597
48 480 0.08660649102030779 1.4408513791486857 0.23093079290153948 0.23093079290153948 0.3079452573505333 0.400406730191562 0.533246800103101 0.8656795268627148 0.8803826162939753 1.2470254503795337 1.4408513791486857
49 490 0.09390188805061661 1.4402699234872087 0.21601897387670704 0.21601897387670704 0.3114797812243355 0.39858152850955664 0.5206960281197519 0.8401288294707819 0.8822585707172912 1.233134318210287 1.4402699234872087
50 500 0.09116069645542964 1.5834864103816242 0.2090470060566028 0.2090470060566028 0.30564171532716033 0.37487005854511896 0.5081391013337891 0.8410568893651922 0.8850322459351997 1.2755610757243814 1.5834864103816242
51 510 0.09013642681814857 1.550266576292732 0.20794285966713838 0.20794285966713838 0.30202085969265086 0.35853177292735455 0.5080071023477855 0.8260239071594975 0.8659048399150516 1.2849055097986384 1.550266576292732
52 520 0.08369204539631445 1.544077363471294 0.1964265653239754 0.1964265653239754 0.2898970024237699 0.3676649539045162 0.5018474765706245 0.8236105346173364 0.8677263644215488 1.2809076099403693 1.544077363471294
53 530 0.08455710574047315 1.5219017400939379 0.19606362334029248 0.19606362334029248 0.28526286581535887 0.34437829574822 0.4942870415483258 0.8503099277668222 0.8894072396904944 1.272035257505472 1.5219017400939379
54 540 0.08861231413920638 1.5956134123162988 0.19188300723621673 0.19188300723621673 0.27314107900892975 0.33522110501332925 0.4881337102143689 0.876704509179923 0.8879347365086431 1.257487603770119 1.5956134123162988
55 550 0.08359294501209424 1.6523925194204092 0.1879491866126753 0.1879491866126753 0.2688576050208577 0.33481899580562324 0.49576494093714724 0.8360985040721076 0.8706736783415059 1.243145716050315 1.6523925194204092
56 560 0.08174743703600956 1.6183726759026584 0.18130973011675522 0.18130973011675522 0.26395987477930277 0.3187012440768665 0.49365678533029606 0.8477473195162295 0.8733433999704445 1.2083011046372076 1.6183726759026584
57 570 0.0873565309433303 1.7097986085108103 0.16594497822296325 0.16594497822296325 0.2629010876901615 0.3153478820692858 0.48998890830723774 0.8551300527928049 0.871842401468072 1.2123205120741218 1.7097986085108103
58 580 0.09725571734940254 1.8670544372506148 0.1607206492568762 0.1607206492568762 0.2632696108603591 0.3074372538731012 0.4886346590049704 0.8453493931160369 0.8553750024442169 1.2104396801418655 1.8670544372506148
59 590 0.11448755844620002 1.9673581330412055 0.16400122523313931 0.16400122523313931 0.26061804091829877 0.30075426032098446 0.49485118470599315 0.8207801539722606 0.8568021676944666 1.2013708012290423 1.9673581330412055
60 600 0.13046216872964206 2.290596003780462 0.160488041762713 0.160488041762713 0.24930428696824047 0.2884428949273732 0.5033377302174754 0.7895707093789504 0.8537532921356858 1.195730860647903 2.290596003780462
61 610 0.1393671307967616 2.4340341599138355 0.15572336637078682 0.15572336637078682 0.24182286407569467 0.2836583732878652 0.494698611942637 0.8086416132788359 0.8611024412575267 1.2030627926459962 2.4340341599138355
62 620 0.15330262975793446 2.527961642687063 0.1545547593175391 0.1545547593175391 0.24084293077215307 0.2725635589588433 0.4742672939580639 0.8451894933793508 0.8558081720453606 1.1749510796353537 2.527961642687063
63 630 0.1775733042045395 2.833399248530946 0.14943392293009128 0.14943392293009128 0.23731889138415077 0.2608593045257428 0.4670171920666732 0.8355867218815665 0.8569782289554454 1.16500523482182 2.833399248530946
64 640 0.20383094728559942 3.200204096165274 0.1421759577765994 0.1421759577765994 0.22553391077502347 0.2621238752028809 0.4661575754354657 0.8324914836622119 0.854931718026923 1.1803715489671862 3.200204096165274
65 650 0.21457544417164726 3.4446046518283087 0.1360956126510361 0.1360956126510361 0.237092058798621 0.25905264541390094 0.47500375378759274 0.7966052651975133 0.8424538526854822 1.1892202679029373 3.4446046518283087
66 660 0.23262091649557867 3.4890877682626362 0.1326706864916074 0.1326706864916074 0.23527585056308054 0.25308163179364396 0.4549692798208392 0.7925804077226284 0.8477362346183316 1.2048655179476666 3.4890877682626362
67 670 0.2372798054478852 3.5730022414431524 0.13413645431426854 0.13413645431426854 0.22445518511008644 0.24914445704215807 0.4694448156583633 0.7909603975208337 0.8354540209256959 1.206588308453823 3.5730022414431524
68 680 0.22674356822337768 3.448962218349928 0.139170722401539 0.139170722401539 0.21831997714901025 0.24393468276548322 0.4604208033871737 0.785104186025131 0.8280565540568783 1.2003464957036545 3.448962218349928
69 690 0.2444692835388485 3.6203723463156368 0.13583039898870286 0.13583039898870286 0.20846515018688558 0.2385470322767484 0.4441267698975649 0.7805840925625335 0.8213101042963069 1.1991640533510008 3.6203723463156368
70 700 0.3046407170916636 4.018668573333008 0.1296613275397616 0.1296613275397616 0.21182581946680998 0.23689831218166407 0.4452869301146623 0.7704492303984449 0.7969802380527266 1.203673687754301 4.018668573333008
71 710 0.35750794828720633 4.312324929974919 0.12380765020878033 0.12380765020878033 0.2137760404797476 0.23937640056339607 0.4306935363534856 0.7699309545192803 0.7966607551176305 1.2241962326055849 4.312324929974919
72 720 0.4031869980398927 4.388083850058664 0.1266689044851665 0.1266689044851665 0.2114940191752628 0.23029402898498727 0.40549315015072296 0.7866105325848867 0.8197827139281502 1.219014922804336 4.388083850058664
73 730 0.4361550226832651 4.37415787170802 0.12890217511843893 0.12890217511843893 0.20341374220356104 0.2291553344348832 0.4066022623913836 0.7753620969656172 0.8060842485505929 1.2449824859808785 4.37415787170802
74 740 0.46273597226253577 4.528973363268298 0.13057226709615544 0.13057226709615544 0.2006306521871631 0.2224093899551692 0.397549919258922 0.7653787105198288 0.7812410048063584 1.2426600697499857 4.528973363268298
75 750 0.47578842965273754 4.6020967871950855 0.13083980504492254 0.13083980504492254 0.2045391750768772 0.21722039425282716 0.3857123921382559 0.7805309271300697 0.7875046041915045 1.2395414612524642 4.6020967871950855
76 760 0.5158822465315149 4.722640006321792 0.13087300802308535 0.13087300802308535 0.1887288174203819 0.21689721610686946 0.39474741353760767 0.7669076078116216 0.7970150342263014 1.2369588334837116 4.722640006321792
77 770 0.5363546485031251 4.693372981169498 0.13152747455515315 0.13152747455515315 0.18835291794143708 0.20803196236225616 0.37095867214669037 0.7716054743013132 0.8026925131473446 1.3232287366028173 4.693372981169498
78 780 0.5170597617131655 4.83508496603656 0.13191100257627186 0.13191100257627186 0.1668740611033723 0.2033598217472095 0.3623791896286643 0.7868924645341113 0.8446356940548967 1.332037296263298 4.83508496603656
79 790 0.5004605290169523 4.557293122817404 0.13036042192918568 0.13036042192918568 0.16112335922888688 0.19909143139019989 0.3622938569523027 0.7841364381378932 0.8678113184751657 1.3425702906440766 4.557293122817404
80 800 0.5297555118222596 4.588131821004464 0.13051076801052955 0.13051076801052955 0.15623794056064033 0.19600309517571854 0.35641970107337156 0.7720266478913914 0.831147713769234 1.3854434120172554 4.588131821004464
81 810 0.5692855230900495 4.681524919003981 0.13158108215093772 0.13158108215093772 0.15645591667230352 0.19331260422877447 0.3259757544114788 0.7724842677198946 0.8907323375269793 1.3460367499080375 4.681524919003981
82 820 0.5661556463113574 4.979535049564789 0.13165239744363758 0.13165239744363758 0.1565571548658744 0.19282159837993265 0.31132550614790677 0.7812335256407287 0.9027162318364578 1.2552573547657304 4.979535049564789
83 830 0.5275095275290554 5.255412709346271 0.13373799409017967 0.13373799409017967 0.14809258011562595 0.19005185499326807 0.29869700918716574 0.7800720422122711 0.8882958692919238 1.254672888987877 5.255412709346271
84 840 0.5264505192352807 5.279073063534169 0.1294816327914422 0.1294816327914422 0.13761440639430103 0.18883961624582524 0.2994038962245238 0.7753412829393852 0.8855254297835091 1.237420511408071 5.279073063534169
85 850 0.5199639454738524 5.2525922982027495 0.12927779892608363 0.12927779892608363 0.14089661854273122 0.18553341839655188 0.28414492243155975 0.751220448461957 0.89854636450607 1.2602444916956506 5.2525922982027495
86 860 0.4682983936558253 4.980664084067422 0.12674749257632906 0.12674749257632906 0.13697073096686158 0.18538190023717901 0.281883062447312 0.7382108168377939 0.88552132668831 1.3078330641181821 4.980664084067422
87 870 0.4563946994673348 4.910012806484469 0.12652959294522795 0.12652959294522795 0.13372721010141797 0.17632024234310625 0.2637706169651908 0.7429395293920422 0.888596819576751 1.316050024259706 4.910012806484469
88 880 0.422734475861149 4.993304521927086 0.12025414847962018 0.12025414847962018 0.12862654627514283 0.1756497735189693 0.2573523400689068 0.738522448985269 0.9036762270936172 1.3057963893354767 4.993304521927086
89 890 0.4062471392076263 5.036138838564839 0.1129979930294981 0.1129979930294981 0.1195555240331599 0.1752870616229268 0.25479625894518476 0.7538736861077431 0.9167654510228636 1.30478014308312 5.036138838564839
90 900 0.3617789702462487 5.06572964033047 0.10349842580960937 0.10349842580960937 0.12005423242104875 0.17235262180090294 0.2591361079723415 0.7659351196921028 0.8961464802925468 1.3084019078401197 5.06572964033047
91 910 0.33193379955688007 5.012835433256974 0.10344748058247315 0.10344748058247315 0.11437171085010919 0.1708862351301923 0.25736383370805127 0.7689780935233376 0.8667343471511499 1.2965319270389433 5.012835433256974
92 920 0.28111108849623456 5.07251624779691 0.1014514488321148 0.1014514488321148 0.11379479423265622 0.16773583120135357 0.24885088412788045 0.7537519400463949 0.8582734418973664 1.2902058290001703 5.07251624779691
93 930 0.2553183590867544 4.91817115784655 0.0972190668263806 0.0972190668263806 0.11232076213173418 0.16831488588162682 0.24329220946793037 0.7243946230082846 0.8440952207032486 1.3063081463388533 4.91817115784655
94 940 0.23983800952438927 4.667190820383554 0.09569986525494457 0.09569986525494457 0.11349163505427781 0.1645442189461176 0.24331469708725828 0.7118349973193421 0.8489307928587865 1.2763237706108692 4.667190820383554
95 950 0.20607956088650645 4.563918490490756 0.09206893141703443 0.09206893141703443 0.11344595557961502 0.16520951143132676 0.22852908662559654 0.7136110176906504 0.8532504503142264 1.2947252014051966 4.563918490490756
96 960 0.20537546459908346 4.558535763767586 0.09130589816187838 0.09130589816187838 0.10911703574834476 0.16073691658935216 0.21839619116271963 0.6939987396886165 0.8528081098609066 1.279028298337472 4.558535763767586
97 970 0.19352560184357717 4.431049901318207 0.08864950606917862 0.08864950606917862 0.10834007896561819 0.15756106479353285 0.2116087843573945 0.6984712253867944 0.9053353704034608 1.2951481720969862 4.431049901318207
98 980 0.17813376318132204 4.321271132025978 0.0876377087770559 0.0876377087770559 0.10520728809523887 0.15602958521617036 0.20379473413602375 0.6830350185088896 0.8938871158176789 1.3017351497216698 4.321271132025978
99 990 0.16492009565909527 4.229107400508169 0.08828135695888407 0.08828135695888407 0.10330846959213878 0.15045893158744864 0.19534777991783392 0.6816675583061851 0.8829466991386707 1.297423650144509 4.229107400508169
100 1000 0.15152910289125002 4.204106797348756 0.08568602742889768 0.08568602742889768 0.10315095858066603 0.1474273579188264 0.19749357424373212 0.657658778614827 0.8631700200409023 1.2636821197186054 4.204106797348756
101 1010 0.15103961363767374 4.114591763817905 0.08529790411855932 0.08529790411855932 0.09777944646529241 0.14853184781629644 0.185815850540322 0.6603602675425371 0.8698070117658468 1.2811813861768693 4.114591763817905
102 1020 0.14851762893100287 4.058718526632419 0.08571305831428705 0.08571305831428705 0.09482633389806232 0.1542439468081191 0.1783626767046194 0.6635453545375579 0.8666972061806926 1.2831454549495191 4.058718526632419
103 1030 0.15487072156336917 3.829448558943496 0.0860822806332301 0.0860822806332301 0.09644416145587799 0.15354200215079594 0.17875689299811115 0.6277263599652022 0.8805841113433879 1.2642332130266434 3.829448558943496
104 1040 0.13896063925126328 3.7400379011384364 0.08338097066624614 0.08338097066624614 0.09739122674998278 0.15191893017772284 0.16735038728081242 0.6231900009655917 0.9553598500577661 1.2530884225920107 3.7400379011384364
105 1050 0.13230318564464344 3.5769079030161817 0.08257415173644105 0.08257415173644105 0.09437711293765383 0.15245807789414476 0.16458897634713315 0.5834243837540967 0.9722265631646988 1.235797240512112 3.5769079030161817
106 1060 0.12847041703233528 3.556120196510099 0.07700364215114902 0.07700364215114902 0.09416595731986847 0.14997680794304824 0.16729129153177622 0.5906656655467535 0.9590655089699378 1.203703055360016 3.556120196510099
107 1070 0.11276662775326061 3.5820263433319033 0.07605742899255367 0.07605742899255367 0.09196459732516093 0.14709952343065705 0.16399977520043638 0.5812679573947771 0.9406616914096009 1.2226287127843924 3.5820263433319033
108 1080 0.11225185337200709 3.5966972255096508 0.07325397790258127 0.07325397790258127 0.09003396693547805 0.14251168655544416 0.16321011729260376 0.5748501196687463 0.891830228706175 1.233799487543615 3.5966972255096508
109 1090 0.1124342054286249 3.5660317738787315 0.069076312139986 0.069076312139986 0.08841741426354968 0.14097064366703993 0.16122947510648866 0.5852371177556499 0.889124492167948 1.2511174703174073 3.5660317738787315
110 1100 0.1085255882930296 3.4469095486631605 0.06731946775619076 0.06731946775619076 0.0874396149769198 0.14278328239378277 0.16179498575534942 0.5718308563124319 0.9103737414810038 1.2183084440254506 3.4469095486631605
111 1110 0.11402784047266558 3.328181152413634 0.06457569300433395 0.06457569300433395 0.08824829352523783 0.13681702059446574 0.1623899912888998 0.5617030306640302 0.9064856172452409 1.2380807746722284 3.328181152413634
112 1120 0.11636303877827313 3.1997871633957877 0.06075701005213459 0.06075701005213459 0.08597174970040132 0.1367341302468355 0.15851977902881562 0.5846086891118505 0.9074337744190714 1.3034540368024905 3.1997871633957877
113 1130 0.1239261805352842 3.266655923610542 0.059167385675477045 0.059167385675477045 0.08020106864619803 0.13508649857528998 0.16313395564188315 0.5927917637416585 0.898927216870609 1.3313003004311432 3.266655923610542
114 1140 0.12050174926274318 3.271818860493041 0.05822883371277172 0.05822883371277172 0.07701039037499496 0.1340048694965852 0.1655815057038587 0.5742145385967752 0.929652802446408 1.3661718167587165 3.271818860493041
115 1150 0.1125897985697124 3.213641371503969 0.05630911874950359 0.05630911874950359 0.07570099351739998 0.128628102802805 0.16572515136195806 0.5764218187268203 0.9120676357263803 1.3726990275621416 3.213641371503969
116 1160 0.10589703696417178 3.0393135806413274 0.05485706873293522 0.05485706873293522 0.07370184276932959 0.12764017015185294 0.16240056564398436 0.5730539086695148 0.8899479885508769 1.4371808690201715 3.0393135806413274
117 1170 0.10396595316885991 3.0835448988026055 0.05491739942056449 0.05491739942056449 0.06965746372354774 0.12681537226367826 0.1540467338001087 0.5783477147307711 0.8642498455139683 1.455749912246936 3.0835448988026055
118 1180 0.0940945393672221 3.040539688479558 0.0535958761077196 0.0535958761077196 0.06890665781658606 0.12172395860129107 0.15771634121585382 0.601799794717868 0.8170712083890806 1.4368138482525301 3.040539688479558
119 1190 0.09283161809212516 3.022665071062166 0.05075073665122643 0.05075073665122643 0.06730913844494318 0.12117817979781151 0.15727772722809497 0.5861317994151424 0.8088024471407135 1.4169112572532898 3.022665071062166
120 1200 0.0988623851008768 3.007595332992674 0.04893592103097838 0.04893592103097838 0.06659227096940679 0.11702304913594146 0.1587367752465853 0.631806652873205 0.7832185643040652 1.3832400098327002 3.007595332992674
121 1210 0.10337928955662824 2.9556837447681477 0.04984890730156833 0.04984890730156833 0.06412343763470275 0.11737468699937921 0.16210592201308602 0.6308521431669027 0.7731345324281953 1.3912115845094135 2.9556837447681477
122 1220 0.09784355445201949 2.9459571314401063 0.04758549720177605 0.04758549720177605 0.06399749742123187 0.11440799900191978 0.16619574340056564 0.6357020437079901 0.7739402775541534 1.4043294252487621 2.9459571314401063
123 1230 0.10412094941973254 2.9037274047720407 0.046347094774901405 0.046347094774901405 0.06107580893937858 0.11400995363819515 0.16500737197324414 0.6340520214216466 0.7560516882121626 1.3544641947645515 2.9037274047720407
124 1240 0.10322543780546116 2.866382701088707 0.046090698414720854 0.046090698414720854 0.05944383921992527 0.10859674374961381 0.164575939834031 0.6847429646726684 0.7448513311082839 1.3688730580293103 2.866382701088707
125 1250 0.09938730523311323 2.705685237672982 0.047697926083041624 0.047697926083041624 0.058906689995271676 0.10416001444549788 0.16221442967106448 0.6887539462632204 0.7330882630576873 1.3668627828820101 2.705685237672982
126 1260 0.09579229217229743 2.6623856936937633 0.04830342334620394 0.04830342334620394 0.056543781406529284 0.10252452458283008 0.15844135188601732 0.6829840647785463 0.729229734821479 1.3520154929154726 2.6623856936937633
127 1270 0.10114085203496659 2.6347109080728868 0.04548840841412709 0.04548840841412709 0.055856257583515395 0.09601530312496333 0.16061344795465923 0.6934487193211554 0.7286487427954953 1.3528519331352142 2.6347109080728868
128 1280 0.11411781787102178 2.5789483012800622 0.04356181390147041 0.04356181390147041 0.05386619102171346 0.09777883446573152 0.16204661398288356 0.6900749306470508 0.724050687969166 1.3949888054554298 2.5789483012800622
129 1290 0.12684994983310363 2.562689849334265 0.04271047741208198 0.04271047741208198 0.05338044940994356 0.097819438405884 0.1590318365554989 0.6592396517192264 0.8296709355222379 1.3822603218498661 2.562689849334265
130 1300 0.13702125827595552 2.543683066306774 0.03951016893928094 0.03951016893928094 0.05340989039826213 0.0979384001874179 0.15309183916846023 0.675390471491594 0.9028973119039712 1.3538693730554647 2.543683066306774
131 1310 0.16922493188123722 2.506062856037439 0.038012333717547454 0.038012333717547454 0.05276407446306844 0.09844938007774799 0.1499114049787338 0.6825065497294494 0.9583858679518293 1.3290441361229888 2.506062856037439
132 1320 0.17533128652040395 2.5045410364747327 0.0374460404606711 0.0374460404606711 0.05326038349446047 0.09680822113039497 0.14959760386506915 0.7150978371865674 0.9645441315609405 1.3197145683676712 2.5045410364747327
133 1330 0.17238402842793493 2.422657476872132 0.037401437089733064 0.037401437089733064 0.052468967333243875 0.09446043235349866 0.14786235353787017 0.7297813478320089 0.9331642090259028 1.3084505925619152 2.422657476872132
134 1340 0.1587112324025972 2.3325653870708876 0.037313156483406565 0.037313156483406565 0.0523137136420268 0.09214375819908228 0.1462239838919565 0.7342060446676262 0.9452146004311769 1.2452879037594196 2.3325653870708876
135 1350 0.1398582509289454 2.287202340658074 0.037022241467690856 0.037022241467690856 0.05036925536414833 0.0909605022790071 0.14291032607915627 0.718819812726955 0.940831821020922 1.1930262332678885 2.287202340658074
136 1360 0.1286541121237883 2.273645768934673 0.03646953412484126 0.03646953412484126 0.04990349010161994 0.08861398039497545 0.1368524586596815 0.6948669543878784 0.9235793935589883 1.210699262804289 2.273645768934673
137 1370 0.12199503168900164 2.205287787361691 0.03601509410507039 0.03601509410507039 0.048453177709512824 0.08211459384704786 0.14084318233060886 0.6937688032143766 0.8944751887235192 1.2575797204107606 2.205287787361691
138 1380 0.13493801138548578 2.2259294195183106 0.036331301567055226 0.036331301567055226 0.04762021869503688 0.0826623806889516 0.137584699248712 0.6641570971521457 0.8726260882353485 1.246672017266672 2.2259294195183106
139 1390 0.16209706136681187 2.2580257356691087 0.03575477195420473 0.03575477195420473 0.047437665636373146 0.08162520225682231 0.1401133384714921 0.6412926690790632 0.9151201504230172 1.2614790051274745 2.2580257356691087
140 1400 0.18687958112656355 2.2424071884701506 0.03538386479947098 0.03538386479947098 0.047582704326471 0.07819166401307326 0.13678477752323628 0.6421861330637019 0.9850263894742363 1.2760240557093763 2.2424071884701506
141 1410 0.20777852303015099 2.178786898037046 0.03404361781656215 0.03404361781656215 0.04701222966993869 0.0780154401546944 0.13539570394880437 0.6403734461417074 0.9711086694516238 1.344075551041863 2.178786898037046
142 1420 0.22018084201021346 2.1645314088983483 0.03308444435275015 0.03308444435275015 0.045007776986117735 0.0766814608517219 0.13370351925400123 0.6436908579146591 1.036477550519724 1.3294541570889284 2.1645314088983483
143 1430 0.23004916073260712 2.050906929881368 0.03269374459329466 0.03269374459329466 0.04565880867958508 0.07382725452781769 0.12750697797663882 0.6261235860351143 1.0657114409866655 1.3576923285574503 2.050906929881368
144 1440 0.23873259479218015 2.0595225103353982 0.03188340318273044 0.03188340318273044 0.04490826149788711 0.06977255274192183 0.1259220657735377 0.6264219173485464 1.0596768575850424 1.3882633177891004 2.0595225103353982
145 1450 0.23619147403442986 2.0482142096017144 0.031777582774354565 0.031777582774354565 0.043840589261758996 0.0678857851574491 0.1235347232956864 0.6197629320961656 1.035836817389636 1.4269521287450322 2.0482142096017144
146 1460 0.23409037382812167 2.0048990795716195 0.03192076261222617 0.03192076261222617 0.04270382167112072 0.06761300357455415 0.11787792727319633 0.6152277648696133 1.0079997985104083 1.453818503240531 2.0048990795716195
147 1470 0.2560251258238672 1.9894197856089517 0.030725731529202712 0.030725731529202712 0.04253883746720367 0.06773834577735328 0.11464789860241087 0.6002427408498067 0.9748278538419564 1.5062134390747837 1.9894197856089517
148 1480 0.27621130854508885 1.934458968803487 0.03092639447118455 0.03092639447118455 0.040094865788910826 0.06580084522652727 0.1136757030013766 0.6263093743877238 1.0029942710649673 1.598274098958881 1.934458968803487
149 1490 0.3078331466101614 1.8941898895413585 0.03061458434181301 0.03061458434181301 0.040564519670713194 0.0663231860560723 0.10961718790477723 0.6015881230691165 1.013929180613001 1.7240969864470863 1.8941898895413585
150 1500 0.3603081249937842 1.9368444766478472 0.029420965869799462 0.029420965869799462 0.04158461793777316 0.06565296705922481 0.10598014910777186 0.5928776556842358 1.006829220938714 1.774093152467624 1.9368444766478472
151 1510 0.38844773268441113 2.1333484995998333 0.028638740756178716 0.028638740756178716 0.041254841723198016 0.0652657058714761 0.10427174143801674 0.58717509608813 1.011320948641771 1.7598754471186109 2.1333484995998333
152 1520 0.44966980579821625 2.220837926150816 0.02714637011234384 0.02714637011234384 0.042023545343724995 0.06366698623987446 0.1036732008158235 0.5685056730120989 1.0181627636191293 1.7395938763937997 2.220837926150816
153 1530 0.5445071279378805 2.5504816732608417 0.02711114196905954 0.02711114196905954 0.04061312309878862 0.06436429660844964 0.10127383420649419 0.5537222018593524 1.015019344096438 1.7130659083392368 2.5504816732608417
154 1540 0.6863253846403898 2.7724160821878177 0.026830856538395575 0.026830856538395575 0.03914607367427529 0.06435254491601464 0.10172351890786661 0.5612681306934035 1.0057107570902297 1.5759101957678112 2.7724160821878177
155 1550 0.8575763979870495 2.8205434587557705 0.026725293203186347 0.026725293203186347 0.03782763788986451 0.06417707468159316 0.1026574650113583 0.5713205246824379 1.01104339153229 1.5094140414346189 2.8205434587557705
156 1560 1.0094792699310886 2.8549077664130653 0.026459831240969938 0.026459831240969938 0.03731550713315559 0.061850162938169334 0.10164172970306495 0.584281500013367 0.9934281706496334 1.5066876280064163 2.8549077664130653
157 1570 0.9036274893422798 2.8871224586740483 0.026408593806892207 0.026408593806892207 0.036370247041938815 0.06189595236224236 0.09723987781242557 0.5998097030749706 0.9588162205680587 1.5184208312556793 2.8871224586740483
158 1580 0.8359393581223792 2.8229993164075657 0.025809360206994404 0.025809360206994404 0.036127818917731605 0.061861345713189256 0.0931411519005581 0.5998032398677332 0.9782863066116995 1.4444573782872736 2.8229993164075657
159 1590 0.7812464922283001 2.6227151107633775 0.025363193720804932 0.025363193720804932 0.03661337222566659 0.06148322855553026 0.08856489054666682 0.6069753606955594 0.9732135001071213 1.4394292851684054 2.6227151107633775
160 1600 0.8118501401010906 2.4143717138860925 0.024583065180336212 0.024583065180336212 0.036775941786502606 0.060802897985594045 0.08422621238237732 0.6053236420735288 0.98640463327541 1.4344138650793676 2.4143717138860925
161 1610 0.8818154879501965 2.5046920435900377 0.02383436284163566 0.02383436284163566 0.03697890101537694 0.060136278100752144 0.08171728964973035 0.5830154929563527 1.0233408268223985 1.4273586844070012 2.5046920435900377
162 1620 0.8639838166936086 2.457354328661746 0.02402776731822927 0.02402776731822927 0.0374837976607988 0.05978638349600723 0.07903361323240964 0.5844324454632847 1.043509566663694 1.438777205562741 2.457354328661746
163 1630 0.8883486543730038 2.4507483607841727 0.02388556846125291 0.02388556846125291 0.037923436847097036 0.05611089360901455 0.07738756728707677 0.5793692371335899 1.0411526639415993 1.4085409456473899 2.4507483607841727
164 1640 0.9327972494205323 2.4543255676932247 0.023798764215463262 0.023798764215463262 0.03863792906479454 0.05474600238513262 0.07561045356404814 0.6043378592713471 1.033296500649129 1.3340765405203299 2.4543255676932247
165 1650 0.8342047525652423 2.369389016992051 0.023333901751583633 0.023333901751583633 0.03880072619701109 0.053686275969938586 0.07523619672375026 0.625091701012724 0.9699933986842693 1.4037947352371603 2.369389016992051
166 1660 0.76728035567418 2.315290677983764 0.022871243275708483 0.022871243275708483 0.03655964190124489 0.05337366599990837 0.07457256707491021 0.6141259663398445 0.9862898142596972 1.3769466764412037 2.315290677983764
167 1670 0.742810504466149 2.2116489190836326 0.02386665993656344 0.02386665993656344 0.03619582051752693 0.05345482459585769 0.07332744085980736 0.6167973130892088 0.9948083853832428 1.3332970271068465 2.2116489190836326
168 1680 0.7366529574669356 2.1084050321568544 0.023852831152082744 0.023852831152082744 0.03645724892850474 0.050039403419319325 0.07421606570437492 0.6156036059625214 1.0070606640250352 1.3365457974129067 2.1084050321568544
169 1690 0.6488619898681827 2.0657425796592292 0.02279579135274992 0.02279579135274992 0.03678506252025895 0.05110815171392978 0.07238012086675916 0.6188262178009813 1.0383305600191066 1.2887884560020872 2.0657425796592292
170 1700 0.6406355616971893 1.8912531508287778 0.022492472398171696 0.022492472398171696 0.037239190977473746 0.05101656685514682 0.07074308903689025 0.6009948316309217 1.0272633200840668 1.2765889569155218 1.8912531508287778
171 1710 0.565387002727942 1.8507389060668114 0.02218552342175033 0.02218552342175033 0.03667202913297736 0.051522247070649826 0.07386363408039852 0.5991006011163861 1.0055902222594766 1.2656192639942772 1.8507389060668114
172 1720 0.511065770057805 1.7366996392396814 0.022451688181542445 0.022451688181542445 0.03659671506110225 0.050137280215931425 0.07312102181514324 0.5962824934267754 0.994404594495651 1.2892307332923743 1.7366996392396814
173 1730 0.48437797041861663 1.6309413719393813 0.022210468436393647 0.022210468436393647 0.03668854074554078 0.04764594893079872 0.07263587368667807 0.5971607859574274 0.9927829762366396 1.2667790103531595 1.6309413719393813
174 1740 0.46753145013145325 1.6056669737724618 0.021189334997524695 0.021189334997524695 0.036667830270481525 0.04748794931237031 0.07234997925878793 0.6229010914769447 0.94622683750975 1.2210126512728277 1.6056669737724618
175 1750 0.43257046798567217 1.5212705187046116 0.021073524132939572 0.021073524132939572 0.038265037617712036 0.047295085619422736 0.07306114238192031 0.6218046285640572 0.9193047876434667 1.208184641603381 1.5212705187046116
176 1760 0.40446868316369416 1.481844295945148 0.020859198987609576 0.020859198987609576 0.0374597759278815 0.04686877820487374 0.07421987329716422 0.60913125475278 0.9151026856260571 1.170189568844823 1.481844295945148
177 1770 0.3653905432030985 1.4769114563451768 0.020176745625936722 0.020176745625936722 0.03663931921766233 0.0461667669773016 0.07407843516157978 0.5970881747337445 0.9011406611968227 1.1407117975130385 1.4769114563451768
178 1780 0.3287698682965876 1.4441138879908573 0.02018216052233674 0.02018216052233674 0.0356280099027832 0.045445045568252455 0.0743282753206202 0.576818848141568 0.8917326065674546 1.127458231956673 1.4441138879908573
179 1790 0.30939461306286664 1.3977168894954495 0.019343100881006704 0.019343100881006704 0.03542512253134568 0.0452114724073014 0.07163732956084934 0.5668597342955756 0.9009978301749545 1.124093012838698 1.3977168894954495
180 1800 0.30185225262135645 1.339800982888476 0.019243959408297418 0.019243959408297418 0.0357511425916257 0.043598466553724353 0.07135739217055267 0.5624200350447671 0.9137780273275351 1.0898427325078088 1.339800982888476
181 1810 0.2823491233496618 1.2055823398654144 0.01898547497450103 0.01898547497450103 0.03602291630099438 0.04569260659239274 0.07025492905926288 0.5533938343962277 0.9093847836017616 1.093046979614754 1.2055823398654144
182 1820 0.28636428819839344 1.1538503533430629 0.01873893088416736 0.01873893088416736 0.0358498731970769 0.045865378567636596 0.07011966107849697 0.5436989780704123 0.893742491095413 1.082222005916251 1.1538503533430629
183 1830 0.2907919272711 1.1887943921395216 0.018425032456783008 0.018425032456783008 0.03529809018149088 0.04770992449546593 0.06900164338891115 0.5434947529877198 0.8680417286979443 1.0458023910791985 1.1887943921395216
184 1840 0.2740176644317613 1.1837502337994934 0.01803009700934112 0.01803009700934112 0.03439299577505185 0.04724507199366063 0.06949230195165464 0.557596185081839 0.8548690193867542 1.0171157714055945 1.1837502337994934
185 1850 0.2664736131780173 1.1936531241649828 0.01762260315278874 0.01762260315278874 0.033166500275979685 0.04702472853846998 0.06979230800483402 0.5413913218567734 0.8437591879366034 0.9837262739994578 1.1936531241649828
186 1860 0.25015005057222783 1.1901335924609993 0.017478770162020804 0.017478770162020804 0.032735899537906996 0.04589771018547862 0.07067362762734691 0.5208388853231195 0.8209058401969415 0.9713860272528886 1.1901335924609993
187 1870 0.2683759564264624 1.0833793428082517 0.017786100286899174 0.017786100286899174 0.03336647466284707 0.04498719273300498 0.06848987908177355 0.5286660467663448 0.8121583393609608 0.9547478053792468 1.0833793428082517
188 1880 0.26230756020161644 1.1191980167264348 0.017562113029758887 0.017562113029758887 0.03416272477328999 0.043976989671917974 0.06681737357649627 0.5351206770996944 0.8055784541350101 0.9234160688786802 1.1191980167264348
189 1890 0.2579995544164367 1.1355610541216858 0.017374214446303805 0.017374214446303805 0.03399895902490165 0.04253632795117008 0.06615591078087091 0.5430181465166712 0.8010478468006872 0.8717498800047255 1.1355610541216858
190 1900 0.268587454773675 1.164631810896503 0.01784029569500265 0.01784029569500265 0.03303619439137967 0.04131352513703379 0.06472758898659263 0.5156734566948805 0.7746843502950312 0.8531592152539507 1.164631810896503
191 1910 0.24793903515179555 1.161580477951782 0.01795638042164106 0.01795638042164106 0.03095484021880436 0.04459214011117877 0.06416948656729193 0.5133501256063033 0.7905497501849074 0.7969537765072732 1.161580477951782
192 1920 0.22983153137036572 1.0921995707154057 0.01796466108571456 0.01796466108571456 0.03102698228788833 0.04463113386534263 0.06465561959406102 0.5039459471234435 0.7277800978533668 0.8067252399068112 1.0921995707154057
193 1930 0.2363840697506755 1.0293850594100258 0.017063447972489973 0.017063447972489973 0.03077601464532051 0.04441839697281009 0.06465399756187361 0.5157206765988243 0.7307518033966917 0.7966615906302656 1.0293850594100258
194 1940 0.2261264647362715 1.0516302194859326 0.017057282154215474 0.017057282154215474 0.03146700454439557 0.04264149731860984 0.06430613601241567 0.5067404182027726 0.7219919541140352 0.7901588522297329 1.0516302194859326
195 1950 0.21999769101201305 1.0359907793770073 0.01707057975256701 0.01707057975256701 0.030297828498104015 0.04203310565118764 0.06429553292126035 0.5034542860410013 0.6827754091998868 0.793896344824852 1.0359907793770073
196 1960 0.2091908268190086 1.0212096537893889 0.016513758637820047 0.016513758637820047 0.030053330764020707 0.04238505508152782 0.06217054819945153 0.49895102879677283 0.6754425840180526 0.7899289856352067 1.0212096537893889
197 1970 0.1779338913444788 0.994845903447998 0.016405219929601176 0.016405219929601176 0.03040596805126074 0.04082219330611712 0.0626599008789819 0.503443689711807 0.6230775198406976 0.7987365301292387 0.994845903447998
198 1980 0.16511210260238446 0.9836749634416483 0.015737556859263906 0.015737556859263906 0.030109901184712688 0.039786877656778546 0.061260741992674284 0.4967083791262649 0.6176450723242729 0.7776540693812571 0.9836749634416483
199 1990 0.15947702501389238 0.9356562420574536 0.015488272499228208 0.015488272499228208 0.029403488751162884 0.039591910571019365 0.06390938602341083 0.4854097357914715 0.6190622156431161 0.7584900502189759 0.9356562420574536
200 2000 0.16143285914424468 0.9147510723646342 0.015032045894007228 0.015032045894007228 0.029804914018628163 0.04022788747841844 0.06355491610128074 0.48342068178427056 0.6070625302938146 0.7441966130526046 0.9147510723646342
201 2010 0.16971263604967704 0.8809817048397485 0.015072384511313673 0.015072384511313673 0.02928053711199916 0.040790056307374506 0.06593532082921566 0.4907803788742861 0.5735979627493536 0.749746189092748 0.8809817048397485
202 2020 0.16749480321865556 0.8695319552489975 0.015338987119562816 0.015338987119562816 0.029521809792973253 0.041442337413128964 0.06662052693098287 0.48641709052813625 0.5540086197047672 0.7372341924696934 0.8695319552489975
203 2030 0.16927808847775908 0.8624937264383884 0.014986880870011467 0.014986880870011467 0.02994508331161913 0.04085509984515923 0.0637716916116029 0.4801367511449401 0.5617973667622356 0.7279821194207363 0.8624937264383884
204 2040 0.17414687065050935 0.8486289245664417 0.014724031991080142 0.014724031991080142 0.03144081568144424 0.04176107192198683 0.0631756942718294 0.4752362609740248 0.5351902055029202 0.7064206454950748 0.8486289245664417
205 2050 0.1831899941764716 0.9536161136849193 0.014373585755923731 0.014373585755923731 0.030428287465756453 0.040837801810688475 0.06276130406787139 0.46277217583686336 0.5159362347164349 0.7245972872621375 0.9536161136849193
206 2060 0.17012084541690908 1.0302137080082254 0.013722771710585018 0.013722771710585018 0.030130690215762132 0.03899169770931222 0.06371073998561946 0.4481019490597868 0.5197131172907974 0.7293198798630292 1.0302137080082254
207 2070 0.15095707966578872 1.0317281059598922 0.013919330366211319 0.013919330366211319 0.02877490320541082 0.03895630660853089 0.06323457297953723 0.443803002032619 0.506843145194201 0.7036384682464897 1.0317281059598922
208 2080 0.13486384569304133 0.9781498986048093 0.01380810217950938 0.01380810217950938 0.027522931333109183 0.03897894569347015 0.06571007235838833 0.4312289989423744 0.4949281908808163 0.693214438881332 0.9781498986048093
209 2090 0.12195948117960474 0.9606656433530992 0.01387982680765763 0.01387982680765763 0.02616757851099632 0.03888058495861401 0.06418303407620149 0.41605756061959226 0.47410079213648615 0.6947631465849501 0.9606656433530992
210 2100 0.10924956801482126 0.9527092709719786 0.013568016176590515 0.013568016176590515 0.026290980277261566 0.03924942658992874 0.06371184005929607 0.411371907354631 0.4379216602259486 0.6912592019425509 0.9527092709719786
211 2110 0.0995465064525154 0.9548747801193299 0.012965479190025607 0.012965479190025607 0.026089014002614718 0.037872419803385744 0.0648591475524759 0.4064558159796893 0.4295211412153583 0.6680156574494579 0.9548747801193299
212 2120 0.09294090717845802 0.9545705155601304 0.012896402100297105 0.012896402100297105 0.02600283452876478 0.03696488467817674 0.06396968041950508 0.39728507516217537 0.4155130662011406 0.6530191480303316 0.9545705155601304
213 2130 0.08612976450844763 0.9516487755578078 0.01281256295079982 0.01281256295079982 0.027388375398002655 0.035362390175110475 0.06228142181414058 0.39665719046603093 0.39812347194001174 0.6266701203065063 0.9516487755578078
214 2140 0.07972258873010209 0.9696610298346345 0.012782706928772704 0.012782706928772704 0.027149699342151102 0.034571714799713715 0.06046327666820375 0.37319213969355836 0.393965184193619 0.6069106998738064 0.9696610298346345
215 2150 0.07782855644374048 0.9505534591176963 0.012830294674550255 0.012830294674550255 0.027922919895362726 0.034401902917288264 0.059406584992318906 0.3557622791961658 0.3780880358775263 0.5892506375488511 0.9505534591176963
216 2160 0.07425272902479618 0.9289376385329953 0.012880896552750298 0.012880896552750298 0.027485882513283204 0.03447666144101186 0.0619406294803765 0.3570836307450853 0.3695127128462291 0.5666221245823226 0.9289376385329953
217 2170 0.06676451422673652 0.9230329385513649 0.012654034295775198 0.012654034295775198 0.027102923312838135 0.03415730962156872 0.060577903384478604 0.3466604184457796 0.3573989407187716 0.5637113524136647 0.9230329385513649
218 2180 0.06316335134090474 0.8963520758720208 0.012554626553611805 0.012554626553611805 0.026711578935502016 0.03331343160704708 0.06077615848002393 0.33164790589402166 0.3558647681120273 0.5538799689090637 0.8963520758720208
219 2190 0.06449849564988194 0.8932635048547946 0.012932637961923078 0.012932637961923078 0.025996918655725714 0.03310320010346103 0.060187701561383866 0.32379482824661016 0.3512893393427504 0.5386271228734072 0.8932635048547946
220 2200 0.05681452427058298 0.8550233228122859 0.013939202681951918 0.013939202681951918 0.02489191557798355 0.03372521010893419 0.059399711968983346 0.3205153857744417 0.3485123592653058 0.5228209546478253 0.8550233228122859
221 2210 0.04764057239922911 0.8227545433500105 0.0138615872325831 0.0138615872325831 0.024778059566906496 0.03350818964826415 0.05630205652254998 0.30130320408189964 0.3489340215068401 0.5214712682284368 0.8227545433500105
222 2220 0.044014245119510124 0.8374287089912598 0.01367647620924941 0.01367647620924941 0.0246686965277843 0.032909148696524435 0.05615460692636374 0.2836123100414886 0.34177411977141836 0.501438446198893 0.8374287089912598
223 2230 0.03933479886359236 0.8214883280983565 0.014013663441008612 0.014013663441008612 0.024752286350442253 0.03219506167686318 0.05586945204648858 0.2683772506735407 0.335213536711214 0.4890232252578263 0.8214883280983565
224 2240 0.034183221912640144 0.8299744887083864 0.013494168316772715 0.013494168316772715 0.024004484409840734 0.03190000324544549 0.0543014420653589 0.2679011050557871 0.3296365216337423 0.4813617444602594 0.8299744887083864
225 2250 0.02992418490062432 0.8124368155623343 0.01323639712981573 0.01323639712981573 0.024115751178063 0.029672392131087178 0.053721430653193306 0.26100433065771167 0.3224167648254874 0.47838014096475673 0.8124368155623343
226 2260 0.02721454064369744 0.7859203534788732 0.013261725252084782 0.013261725252084782 0.023798839824344383 0.02941723649855358 0.05150125897229878 0.2525491434524515 0.31533843144607776 0.4770125343215777 0.7859203534788732
227 2270 0.023621194907749603 0.7699015747281851 0.013157597537194702 0.013157597537194702 0.02369381757425695 0.029231453128421372 0.04732322256738528 0.2506091037428948 0.31654465379751157 0.4716813997779864 0.7699015747281851
228 2280 0.02079507369293464 0.7431724997760398 0.012621916244783768 0.012621916244783768 0.023264161395005506 0.027850350788922756 0.047595208715939315 0.24319792142747007 0.31748969209107486 0.47696483807938234 0.7431724997760398
229 2290 0.018574959337478898 0.7064150815651408 0.012313467048097182 0.012313467048097182 0.023010050708306425 0.027895116828442906 0.045859425808658136 0.2416104622769433 0.32411442433282606 0.4679818079628743 0.7064150815651408
230 2300 0.01751052710042082 0.7029234337777749 0.012064267837338414 0.012064267837338414 0.022784551146974138 0.027924126229240346 0.04359495836895494 0.23077004758279018 0.318402998345179 0.46103808037703076 0.7029234337777749
231 2310 0.01648613158924873 0.677680297818653 0.011973017982854304 0.011973017982854304 0.02298501733760208 0.027295757012610725 0.04290144852220573 0.22714466803544212 0.31591017936567756 0.4659769462486762 0.677680297818653
232 2320 0.016402524527732606 0.6466601485355153 0.012139506372328291 0.012139506372328291 0.023019567747742588 0.026598653432046458 0.04233446085532166 0.21905094513875353 0.3273194942044573 0.4566326418970788 0.6466601485355153
233 2330 0.014848323841683527 0.6680610862619321 0.011893356907187494 0.011893356907187494 0.023242550937411517 0.026749236690400174 0.04201364251700687 0.21300204044200038 0.32518822329963365 0.4599801955119584 0.6680610862619321
234 2340 0.013849180522987583 0.6710493412343647 0.01181681377962027 0.01181681377962027 0.021759205980750845 0.026708101090096522 0.041021832039294 0.21039087481318164 0.3186201256713309 0.47039098961637743 0.6710493412343647
235 2350 0.012039141382121856 0.6463703151629945 0.011531249800176871 0.011531249800176871 0.02195619034568851 0.026387047495110977 0.0408250921879851 0.20474989973630778 0.3123094700069187 0.4756893235059028 0.6463703151629945
236 2360 0.01099548065803689 0.608549782862176 0.011512507662977088 0.011512507662977088 0.021999387728339592 0.025385339115628718 0.04043007903825899 0.19956274214169328 0.31079549787429467 0.4781114813404921 0.608549782862176
237 2370 0.01004598034452597 0.600053197590442 0.011268408676289601 0.011268408676289601 0.022111834238802346 0.024492243466843328 0.040599080350007075 0.1916604859525647 0.30740283512132927 0.4743384477798184 0.600053197590442
238 2380 0.009135834151772852 0.6095262863582518 0.01096779057829595 0.01096779057829595 0.02223610848948049 0.025003823984145263 0.04028941364854937 0.19000074626056462 0.29310971194315333 0.4659780204954097 0.6095262863582518
239 2390 0.008861219046175957 0.6196388806014282 0.010380037275710016 0.010380037275710016 0.022092110294081646 0.024331648158280237 0.03967450295285595 0.18147404910263368 0.2866754357307378 0.46964814697394947 0.6196388806014282
240 2400 0.008336505365754423 0.62567067558308 0.009709859191418483 0.009709859191418483 0.021562474031139003 0.024787546448810944 0.039726665160116637 0.17759107152198997 0.2953225787298895 0.4568710119627448 0.62567067558308
241 2410 0.007249717945578638 0.6111956041312145 0.009674336968961382 0.009674336968961382 0.021804907207760585 0.02426424322958627 0.03922807242816188 0.16459239783952215 0.2969140308404724 0.4586869364948182 0.6111956041312145
242 2420 0.007019215951441349 0.587439285631548 0.009648760944942039 0.009648760944942039 0.021619323435015134 0.02318135956330694 0.03920468171311615 0.16061967705296878 0.2929531484953657 0.4468754522693163 0.587439285631548
243 2430 0.006362266336949644 0.6067564074471977 0.00973506511370405 0.00973506511370405 0.02029724221178094 0.022913401968260267 0.03926193522282277 0.16663607532296978 0.2822764519029826 0.4302500533630582 0.6067564074471977
244 2440 0.006434768607564091 0.6085249607825672 0.009462210501887482 0.009462210501887482 0.019340652443215086 0.02232904576947795 0.03963814022242865 0.16431968201325825 0.2815002610350803 0.4143002968582784 0.6085249607825672
245 2450 0.006482143893758737 0.594641379239737 0.009227053379796683 0.009227053379796683 0.01885596784877487 0.021777337076268395 0.042415470123546475 0.16406980464015908 0.2788238548360195 0.40210848023806683 0.594641379239737
246 2460 0.00560304343569764 0.594274071620623 0.00909486600626405 0.00909486600626405 0.018866309868014765 0.02171357576226974 0.043554660060921534 0.16027339261327053 0.2725211935359332 0.38624159065777686 0.594274071620623
247 2470 0.0048950836608381045 0.5857233691025732 0.008802903741392391 0.008802903741392391 0.018331894973084073 0.021083588393720626 0.04273648018064965 0.15826597512982868 0.2711762723794224 0.3818990866830524 0.5857233691025732
248 2480 0.00445170455358258 0.5703166761366224 0.00874261247206108 0.00874261247206108 0.018082107871010777 0.02107095334748297 0.04134819657357348 0.15658606302372588 0.2653544273262712 0.37033752735119496 0.5703166761366224
249 2490 0.004081206209344869 0.5482299013574919 0.00853353900246874 0.00853353900246874 0.01803672059763128 0.02043080712592588 0.041714631577400116 0.154483311615088 0.2649065748481872 0.36134396410550773 0.5482299013574919
250 2500 0.00372305829570376 0.549505922089221 0.008635061998097382 0.008635061998097382 0.017389884321418986 0.01996345563799205 0.04071897709746218 0.15667790964145423 0.2585384477493387 0.3493548102204552 0.549505922089221
251 2510 0.0032931552978693046 0.540810153306319 0.008620947815551328 0.008620947815551328 0.017082437031499722 0.019644680918089068 0.041501509858593875 0.1544412624011698 0.2510078904890029 0.3363993460513115 0.540810153306319
252 2520 0.0030466830638420225 0.5374066598736387 0.008572252227733107 0.008572252227733107 0.016988636003933303 0.019351241592272056 0.04147251844370987 0.14745602884990533 0.2437040390790952 0.33267728632516735 0.5374066598736387
253 2530 0.002774424560328316 0.5392972216647188 0.008434506130811065 0.008434506130811065 0.016857517556590124 0.018620039354919675 0.04173201725368631 0.14071083467579876 0.24676385973554443 0.3260648571013356 0.5392972216647188
254 2540 0.002607012332873216 0.555047996066321 0.008291766834069333 0.008291766834069333 0.017109797679593742 0.018657188086570808 0.04044366327006854 0.13514722236813612 0.23357275864897242 0.31496101140343385 0.555047996066321
255 2550 0.002622208056047896 0.5574722124312373 0.00836400099208826 0.00836400099208826 0.01695300962910731 0.018758341061371836 0.041178753256175336 0.1301973267970608 0.21352452530302113 0.31485751560165387 0.5574722124312373
256 2560 0.002447207572389898 0.5415801565553802 0.00851007291484877 0.00851007291484877 0.016592809433888144 0.018879668833906633 0.04041737297092867 0.13419491116198126 0.214279897644411 0.3097890462602939 0.5415801565553802
257 2570 0.0023504304831491215 0.5516501963942694 0.00843131186245173 0.00843131186245173 0.016755873444709014 0.018346284408854392 0.03706425771577853 0.13337299697544916 0.2111965033164081 0.30488103646579906 0.5516501963942694
258 2580 0.0021187649026175007 0.5408629153883853 0.008360612055344328 0.008360612055344328 0.016565564299368594 0.018094705174974832 0.037152258015612276 0.13016911293173117 0.21030711203643693 0.30053285201094776 0.5408629153883853
259 2590 0.0019244090907353784 0.5275792310918117 0.007823411044785332 0.007823411044785332 0.016391337383873904 0.018215932198769207 0.03803298983531837 0.12866552368915984 0.20379713219625692 0.2966223864205385 0.5275792310918117
260 2600 0.001703020867747455 0.5055494944140421 0.007556021344285663 0.007556021344285663 0.015656789840099664 0.018047181226951557 0.03714385929094765 0.129759070969521 0.20028357049454373 0.30021087062808716 0.5055494944140421
261 2610 0.0014776222592227323 0.4992807171783181 0.007397460681161406 0.007397460681161406 0.015807820382656112 0.017168270714235025 0.03775681620454613 0.12419287972397397 0.19803679778472147 0.2965676791534249 0.4992807171783181
262 2620 0.0013372159217384712 0.4817969932254375 0.0073272634618601175 0.0073272634618601175 0.015316218154258276 0.017009382851036065 0.03813441793739533 0.12363687587802788 0.19256966740449447 0.29474453770383574 0.4817969932254375
263 2630 0.001257652404373899 0.48265807379920234 0.007091523033389683 0.007091523033389683 0.014785958172121368 0.017091723150420884 0.0371010616431587 0.12119511670474392 0.1959558184589366 0.292494302014115 0.48265807379920234
264 2640 0.0011893885570472354 0.47024170625765593 0.006836539595409214 0.006836539595409214 0.014433449094646325 0.017187623479033947 0.03766384194175658 0.11951712031920031 0.18982022375999458 0.3028743863041659 0.47024170625765593
265 2650 0.0010464004011157561 0.45475825149269095 0.00662058132402617 0.00662058132402617 0.013878212125571452 0.01679134047143668 0.03822933843979899 0.12121432611633848 0.18837447184807896 0.301256265341914 0.45475825149269095
266 2660 0.0008693448950960056 0.45543782562366086 0.006557127435788957 0.006557127435788957 0.013632672985702848 0.01609188849759007 0.038527316466773216 0.11816184128212633 0.17814014521927854 0.30181270468235455 0.45543782562366086
267 2670 0.0008372896187814812 0.43902251415135984 0.006433423269605469 0.006433423269605469 0.012613882169913219 0.015895421931049165 0.03776869007052232 0.11873602180256546 0.1799173374758024 0.3005549419200032 0.43902251415135984
268 2680 0.0008325911420169949 0.4335989856708821 0.006453667003844669 0.006453667003844669 0.012340061424976255 0.015781920779346818 0.03780250039668855 0.11466135270744837 0.1681770311607799 0.3149739200293581 0.4335989856708821
269 2690 0.0007473118173095235 0.43193423239100626 0.006450744688654461 0.006450744688654461 0.012434422081681017 0.015458601551946146 0.037676804186667835 0.11262702456805797 0.15525402722149417 0.31862386418256794 0.43193423239100626
270 2700 0.0006710246629037127 0.4315778474149368 0.006400806478824241 0.006400806478824241 0.012364985679334566 0.01509165754558934 0.03695759118863136 0.11057628882637487 0.14467465904808696 0.3133110280661201 0.4315778474149368
271 2710 0.0006123275995453039 0.4312962791934586 0.006280306148661053 0.006280306148661053 0.011692331937429142 0.014766996079974127 0.037266298854163805 0.112168548059872 0.14340255842972494 0.30168190400253725 0.4312962791934586
272 2720 0.0006066041120861503 0.4216189902528788 0.006157826742928705 0.006157826742928705 0.01143225870226331 0.014813328044793335 0.03705916690675019 0.109689937288772 0.14006320625618812 0.29774305662192385 0.4216189902528788
273 2730 0.0005736702944868916 0.44412282825368526 0.0057592642766765715 0.0057592642766765715 0.011117995468798597 0.01453404496002405 0.037401879500566074 0.10664739815652262 0.13838099053015826 0.3015059580531437 0.44412282825368526
274 2740 0.0005226729328531638 0.4457721944936747 0.005620864897396347 0.005620864897396347 0.010723763514464777 0.014409093916006652 0.03629898062140866 0.1087605740255038 0.1319487896825189 0.2964236141160141 0.4457721944936747
275 2750 0.00046562253158075403 0.4491683127011986 0.005568949112913024 0.005568949112913024 0.0106314908070692 0.013950750160327154 0.03603058282487173 0.10764167563547067 0.13136487786751863 0.2741731848409941 0.4491683127011986
