% # columns="iteration, evaluation, sigma, void, void,  stds==sigma*sqrt(diag(C))", seed=841059, Wed Apr  1 10:13:27 2020, <python>{}</python>
1 10 0.4891896240444322 0 0 0.4913813478521036 0.5068263876908423 0.4746535249985951 0.46738479022550267 0.4948157137016199 0.5158516105718173 0.48454137213343573 0.4875891611118622
2 20 0.47644718660114954 0 0 0.4735423268030648 0.501980867041674 0.43817679070316473 0.4556190831655923 0.4819379430013888 0.5150838245905555 0.4511468064486606 0.4704110682273342
3 30 0.4579456174945867 0 0 0.45526384893181826 0.4696757711697582 0.404893679684104 0.4429814999764584 0.4514779956447114 0.5081144163309769 0.42962315628695785 0.4383066153261372
4 40 0.4649585057838481 0 0 0.4745752822070055 0.49362255811926237 0.39107530316071304 0.43309302916302755 0.47441686287333207 0.5275682148254576 0.431001864765385 0.43058278674405853
5 50 0.4011869367862869 0 0 0.40536333751746506 0.42231842317855867 0.32885929780547746 0.3625147405452946 0.4140562135395305 0.45761956345198196 0.3621209012743947 0.3620992250079592
6 60 0.3759758255358218 0 0 0.3786275044745767 0.39928723034267943 0.29728854366870017 0.3342314682901653 0.4036612317977583 0.4231569786213159 0.31860565500931043 0.33826491872416525
7 70 0.34434515886749084 0 0 0.3423506893874985 0.3602459163233493 0.2557639545758907 0.2997188276394337 0.37553191141688685 0.39329533668537764 0.30357030777123145 0.29353245256423194
8 80 0.32021313345189273 0 0 0.3116785839812867 0.33060983122269244 0.23502149480586165 0.27018024318883027 0.34292233180034964 0.3644174642149218 0.27474902767752135 0.2753772018093415
9 90 0.29161786228271785 0 0 0.2768717397132843 0.30084760089406976 0.2075063488751946 0.24347674125775917 0.31493586167340404 0.3421835514615565 0.24203158160757413 0.2417680891281523
10 100 0.2649742789291662 0 0 0.2514470895335662 0.26453433913085833 0.18969995973017215 0.2243486980810111 0.27889201509577277 0.3121043117690139 0.20550511476520905 0.21198335561157658
11 110 0.23532923526810196 0 0 0.22503457039842595 0.22895476475853047 0.16689605010537203 0.19783016815818588 0.2498657744192767 0.272074025968381 0.1850516835006865 0.17515908954800355
12 120 0.23313636492526837 0 0 0.2223172060661023 0.22067859963251132 0.1595409230639575 0.19119846563178747 0.2440174294198578 0.2752310221378738 0.1985572698727671 0.16993157656860047
13 130 0.22707661378456082 0 0 0.21874809006208315 0.21243566877731948 0.15131264563048763 0.18742261687551295 0.2453556663005381 0.25427643633076974 0.19748512180481018 0.16654034153341343
14 140 0.19668697762019113 0 0 0.18867003402439084 0.17964214323141123 0.1271069450000825 0.15331714733267016 0.20993068837189094 0.22139077023408024 0.17290981092640528 0.13793004232956413
15 150 0.19822649091058994 0 0 0.18527882504410073 0.18321583271188946 0.12944130927473227 0.1497638725123639 0.21410723203639387 0.22325011277739587 0.17852057911747857 0.1387332567841435
16 160 0.18579446335922 0 0 0.17317463959475884 0.17151344901582719 0.11853057916352579 0.13200340601567626 0.1945847797033292 0.20892753696972613 0.1718200814420081 0.12318448164273947
17 170 0.17144358444652208 0 0 0.15880544828999227 0.1537079533559544 0.1096552779430216 0.1215498666629691 0.17825223377134425 0.19270575263620898 0.15216417426228662 0.11346171105556972
18 180 0.16605424115415737 0 0 0.15148985946462007 0.15059998700851104 0.10648172329307856 0.12032513437196336 0.16861570437172557 0.1825894094789266 0.1394755157653352 0.1079628587547166
19 190 0.17033477263992253 0 0 0.15599420129360028 0.156148883687826 0.11010007570741605 0.12318840014296906 0.18442867408644698 0.18969152547932241 0.13557519311001962 0.10835531456907004
20 200 0.16554863726904728 0 0 0.15050380956903422 0.15295732179921626 0.11018039401866475 0.12033335062278107 0.18432652307396064 0.18170333295849095 0.132328372242762 0.10155088803611872
21 210 0.17435073527862102 0 0 0.1625650925344329 0.1560278275614887 0.11562435203713056 0.13114586788528285 0.19490997163032597 0.1927937811236169 0.13467068347330516 0.10472194109249089
22 220 0.2070182405715627 0 0 0.20238984258643486 0.18959929148117283 0.13533937107426383 0.15584869572869398 0.2309951927205678 0.23245827422919169 0.14765702378883158 0.1289489781242015
23 230 0.21615307797265393 0 0 0.21947362863035166 0.1920051851107451 0.13286688105706737 0.1685617525212722 0.2374509407543117 0.23778822204415986 0.15308393354221264 0.13509280801375792
24 240 0.19684402557416547 0 0 0.20005953506922497 0.17707116071797904 0.11825050273603113 0.15170986853940907 0.21312241414326502 0.21786903535415447 0.12881871039358833 0.12082071943433936
25 250 0.174206391299023 0 0 0.1784903914177036 0.154791234058749 0.10220764731797786 0.13154086368374265 0.1879780119916337 0.19485347610903458 0.1096215394720451 0.10586567847720886
26 260 0.16178703111685147 0 0 0.15901203183235793 0.14476647070225918 0.09431235735009236 0.11720742172165027 0.17610749357540337 0.176537451248471 0.09857974029048464 0.0965473951148935
27 270 0.15064471037394075 0 0 0.14663009309830358 0.13363950784976295 0.08526214563808954 0.10843704046087596 0.16215640767488912 0.1609296786999733 0.0911904107556701 0.09015337501146493
28 280 0.15805824081083208 0 0 0.15672784239928492 0.139699640081939 0.08840422268641265 0.11409897062517867 0.18457561117293855 0.1684574540070414 0.09445084975126009 0.0908452988468986
29 290 0.1489810509228468 0 0 0.148397144694642 0.13160382511959107 0.08312813707665268 0.10429943633575739 0.1795385445843802 0.1597716491371539 0.08369188715900072 0.08333267919118635
30 300 0.14292439945109117 0 0 0.15496658870408947 0.12396736574732854 0.07759413958052479 0.1003878369138613 0.17258100303721735 0.15100521038789694 0.07629679539672331 0.07899556464212755
31 310 0.14297626541047578 0 0 0.15292192300423868 0.1338577925425909 0.07344529755822964 0.09577657476728073 0.1692905390994439 0.15116772848464116 0.07347922670453501 0.07704911955465772
32 320 0.12454164767473293 0 0 0.13336831197509214 0.11560950679631625 0.06104769720117124 0.08325256187722249 0.14061745650183327 0.1338669545402976 0.06197589133408912 0.06510184286558948
33 330 0.11397686584619879 0 0 0.123280991289042 0.1037804253360912 0.05458916318804802 0.07516890092221849 0.12973617186199798 0.11950826057483556 0.05674070815963328 0.05832355806108804
34 340 0.10467607768458728 0 0 0.11401233606977082 0.0954293422998569 0.04980463684974119 0.06939306661727511 0.11584405412921854 0.11465452999626866 0.049541807461333104 0.050210564035008606
35 350 0.09011279419189552 0 0 0.0980751243265027 0.07886988130487899 0.04266289189750484 0.05987484824004552 0.09301469808483377 0.0958432977587134 0.04246672262695623 0.04337819970328299
36 360 0.08791204854891696 0 0 0.09473791318634496 0.07588250193859346 0.04158183257627024 0.05565171573545394 0.0936153051876862 0.09346856372514041 0.040583310369924415 0.03873802203647633
37 370 0.07936272580543258 0 0 0.08411906346173895 0.06771043545747399 0.03680356048003579 0.05010054445749483 0.0879153397270628 0.08586296923588851 0.03583550917901936 0.03353016830628019
38 380 0.07544734241132854 0 0 0.07830825215972144 0.0637377147626277 0.03421204670522363 0.04857232949341133 0.08511816469560365 0.07689075225369552 0.03389549840633061 0.03173875048410058
39 390 0.06836186127767961 0 0 0.06666045539326831 0.05878417958330531 0.029724999759553925 0.04299016486761192 0.07720032672140333 0.06872639550096302 0.030147424146701105 0.02856930703419633
40 400 0.07266181094237505 0 0 0.07105153466287656 0.06940585311603531 0.03081710973247693 0.04367415652170884 0.08417590373637292 0.07324152655693686 0.03252213636020841 0.030039419454950284
41 410 0.07015205163466341 0 0 0.06607715758744463 0.06573704387000828 0.02861712444758533 0.040368149403153135 0.0809120913486037 0.07306069728949821 0.0312825259823881 0.029036632631181492
42 420 0.07362862732175582 0 0 0.06938048147484875 0.07253108350357174 0.028456182586568936 0.04141840090724432 0.08540845126683878 0.0777395601224427 0.032034507642141816 0.030217951535844643
43 430 0.07246201303326878 0 0 0.06786692112764929 0.0726300004768566 0.0254479583288591 0.039958864758978474 0.08364227235532644 0.07641240048612505 0.030839339608728915 0.03040788475040856
44 440 0.0707082484039248 0 0 0.0666187048817113 0.07236028562255226 0.02524195130642564 0.03732939203172233 0.08132837804247489 0.07624305421226048 0.03034588125330236 0.028738048978873037
45 450 0.06885926861214625 0 0 0.06609084938675762 0.06990903772983965 0.023058410941002583 0.03629051536848605 0.0815768056307044 0.07431357298201921 0.02928881953739926 0.02702546076644975
46 460 0.07670227186025128 0 0 0.07417351609016865 0.08333408111154898 0.025054210735881332 0.03921952673937337 0.09408106265066399 0.08372109691817176 0.0314611782265883 0.028996178319792405
47 470 0.08535814407922687 0 0 0.0832883263737879 0.10138154195991468 0.027167522580864613 0.04191062275824452 0.10821105824084903 0.0913637219689321 0.033821817227122936 0.03118603260390999
48 480 0.08660649102030779 0 0 0.08569721953867808 0.10181527787508098 0.02608723247190257 0.04289920534742295 0.10696189153895645 0.09250681726498684 0.0340307060962501 0.031822873729591264
49 490 0.09390188805061661 0 0 0.09814074417325871 0.11739382305872756 0.02706504188067695 0.04569486085002758 0.12280915907513221 0.10276309593936112 0.035825362121400015 0.034142558413589624
50 500 0.09116069645542964 0 0 0.09308957789234772 0.1162992523843701 0.026217345291951688 0.043936226464205815 0.11372356534257208 0.0995551400294792 0.03438360342460839 0.032991390639687514
51 510 0.09013642681814857 0 0 0.09217164622506568 0.11855674563360978 0.02599381778709722 0.042372037455766856 0.10864233663197966 0.09773168942022428 0.0332476816484527 0.031423596538307404
52 520 0.08369204539631445 0 0 0.08735071077776474 0.10925333585254886 0.023764256705121257 0.03751213852312626 0.10075191384282846 0.09005961963182625 0.029555125438094503 0.029491734449074943
53 530 0.08455710574047315 0 0 0.09023780988079037 0.11095334658212846 0.024025104264008303 0.036915789718128054 0.10761100632602727 0.09125782536542403 0.02816235381767181 0.02917572203640378
54 540 0.08861231413920638 0 0 0.09634375695674038 0.11770746915585657 0.024926933650360413 0.03816189809211921 0.11238860790161015 0.09487655807109661 0.02949406238979877 0.030879356268192486
55 550 0.08359294501209424 0 0 0.08834358880589979 0.11021752634947155 0.02237148111185698 0.036225472409503016 0.10392372279521017 0.08866556880245076 0.0265198011581615 0.02923502834028972
56 560 0.08174743703600956 0 0 0.09129790679676913 0.10744348618116006 0.01995881165353118 0.034935343435313564 0.10685575430011034 0.08814411416005896 0.02648775573899859 0.02917961244573075
57 570 0.0873565309433303 0 0 0.10315677884627031 0.11629420871327313 0.021541329359276846 0.03686025881823866 0.12228219268189643 0.09694427648615608 0.02736110552472409 0.03162873260108519
58 580 0.09725571734940254 0 0 0.11810134249436581 0.1339752774948459 0.02410725722832508 0.04142347706849279 0.1309637113511603 0.11897238362401766 0.030067036421146005 0.03523578684661458
59 590 0.11448755844620002 0 0 0.15306527974112236 0.17652055201806774 0.02865971478613104 0.04887323190441559 0.16418543868309238 0.15189434052172954 0.03450079549747569 0.04224074140559813
60 600 0.13046216872964206 0 0 0.18129660260012825 0.20104189829515867 0.032173257277321544 0.056058005764768805 0.2005721196550645 0.18625094367772865 0.038594850684223886 0.04788797825643558
61 610 0.1393671307967616 0 0 0.19782000243801107 0.22011275648121195 0.033700059660388824 0.05762057004306733 0.23109277450689472 0.1920345643250966 0.04126017737577637 0.04920220297815263
62 620 0.15330262975793446 0 0 0.2434030878191331 0.26296988739873445 0.03579651560139599 0.06212134661839826 0.270523179102589 0.22610911752263496 0.04526971925140813 0.05402616684843037
63 630 0.1775733042045395 0 0 0.2960088352547011 0.3362420495393288 0.04106488312526993 0.07280237924789368 0.33887647402934035 0.30633969371880393 0.05298275837302813 0.06221186986940168
64 640 0.20383094728559942 0 0 0.35795239090775544 0.4197656493843945 0.047500409860007975 0.08791080961637775 0.40445876531733843 0.3687563412848662 0.06093811966423885 0.07243028541424697
65 650 0.21457544417164726 0 0 0.36229690094360417 0.4560978067997063 0.047829818857474136 0.09123238165123526 0.4322347144502041 0.3988280392022574 0.06079103884876557 0.07563139800141777
66 660 0.23262091649557867 0 0 0.39368861988782844 0.5055523009020821 0.05343816073123421 0.099073457412587 0.46253701537026176 0.46107522847200266 0.06512552858869922 0.07866895684444444
67 670 0.2372798054478852 0 0 0.3931646982285758 0.49373421625529407 0.05501524579270857 0.0999606252740004 0.4588521464103644 0.4596108851077446 0.06356838392305363 0.07757633555414752
68 680 0.22674356822337768 0 0 0.38886273950819544 0.49259023876695307 0.05291156681330314 0.09362908585096051 0.46158394279338777 0.45105199692138903 0.0570341389300015 0.06979892748608536
69 690 0.2444692835388485 0 0 0.44702948958890387 0.5785122601457577 0.0587158884696488 0.10261716643976487 0.5343855183974415 0.5479178563771109 0.05982129191320686 0.07911044850663271
70 700 0.3046407170916636 0 0 0.5975140107680231 0.7610305162771717 0.07026728823081224 0.12547670908061012 0.7084953005766099 0.730325419676874 0.07326704814676492 0.09720645871610305
71 710 0.35750794828720633 0 0 0.7013588760681149 0.9281849229132112 0.08049110878566246 0.14409261724191083 0.8367597039188706 0.8671268875593295 0.07828735303973787 0.11245581153063092
72 720 0.4031869980398927 0 0 0.7683942829679873 1.0486115807962244 0.09045847634751261 0.16059793031141587 0.9247480167546878 1.00454081022322 0.08359604685320395 0.12335597726594594
73 730 0.4361550226832651 0 0 0.872370927609142 1.1527969868379646 0.09726861012934931 0.1678450495905345 1.0419884333464913 1.1118026134391656 0.08982674814146067 0.1268960496933743
74 740 0.46273597226253577 0 0 0.9447959171929511 1.225197374142396 0.10366314633959146 0.1748809894875023 1.1260705406695786 1.2054435202291496 0.09659926951525986 0.12763555693133782
75 750 0.47578842965273754 0 0 0.9961488145435033 1.298243149016285 0.10338824872026513 0.1849648222099967 1.1826213090346362 1.25822770626936 0.0950735615557649 0.12909482521900428
76 760 0.5158822465315149 0 0 1.0587807044600006 1.3933462405638326 0.11074898003246895 0.1913669868379952 1.3412032958666336 1.335219529855851 0.10004692480466547 0.13219146027361767
77 770 0.5363546485031251 0 0 1.1146870475674338 1.4693631415023707 0.10978660680027513 0.19641649758453866 1.463653212807819 1.4354682293433298 0.09544012125882595 0.13283633965570116
78 780 0.5170597617131655 0 0 1.0050571284729028 1.3331911794745315 0.10124363863477177 0.1898257757881987 1.3569365751014753 1.326183793866498 0.08685600255733435 0.12640640611973486
79 790 0.5004605290169523 0 0 0.949859356421281 1.2998984844274046 0.09766972242032716 0.17717975299083585 1.347856090706419 1.2868392210968929 0.08086480330352716 0.12326378456554785
80 800 0.5297555118222596 0 0 1.0059570488570413 1.3976339119833128 0.10174430844450351 0.17911504191726418 1.4420139132979275 1.4107344116870022 0.08203257011938027 0.13145997127168116
81 810 0.5692855230900495 0 0 1.1178884754569245 1.6021523391771773 0.10775405484776063 0.1865859976221297 1.6142682717552823 1.6029924023060562 0.08766711510782728 0.1393086382893378
82 820 0.5661556463113574 0 0 1.1645113226510815 1.6734291577135656 0.10187809614038415 0.1841769533363976 1.7054308847223192 1.650266694273416 0.08718009990055392 0.13475790975835494
83 830 0.5275095275290554 0 0 1.0854952584717883 1.5682873009608795 0.08754264222001344 0.16993598446402539 1.6032514451188342 1.5314370451930845 0.07944809126949127 0.12195771136418523
84 840 0.5264505192352807 0 0 1.0620720547494529 1.5508041879156642 0.08593740496723963 0.15785025173727538 1.6173210515153402 1.5189365892947162 0.07875974448748681 0.12042454071644056
85 850 0.5199639454738524 0 0 1.037523437049016 1.4317543549757359 0.0798812644339525 0.15670553389612357 1.5313456240567966 1.4308866496729074 0.07584400282092298 0.11545488212778267
86 860 0.4682983936558253 0 0 0.9250610922900694 1.2701699270550755 0.07051351075831243 0.13535717092402366 1.3731552863015073 1.2645928433225255 0.06700843483035335 0.09465920941302224
87 870 0.4563946994673348 0 0 0.9034237500810612 1.2605212520731977 0.06878320707613338 0.13164778778091982 1.355629322679637 1.2577595719223624 0.06349083504200936 0.09027872841031119
88 880 0.422734475861149 0 0 0.8417494539152116 1.1822118091232725 0.061346059406506594 0.12210574233839351 1.2546159206190055 1.1838160992008155 0.05473361072786155 0.083837647916762
89 890 0.4062471392076263 0 0 0.7953266059456061 1.123577490756508 0.05824728479566634 0.11705493182691844 1.2335427495628895 1.15088648403174 0.052953301412571416 0.07804150013784833
90 900 0.3617789702462487 0 0 0.6892478067597484 0.9816355318019764 0.052569654703741586 0.10276794860965319 1.1102942597560157 1.0043611305458087 0.044471946915235226 0.0692255311237785
91 910 0.33193379955688007 0 0 0.63982930073865 0.9086271706320431 0.046698646351886954 0.09291889609251269 1.041411372967064 0.9159093923297494 0.040426167627645566 0.061405730470664055
92 920 0.28111108849623456 0 0 0.5292203352386271 0.7482394964629718 0.038161879912491634 0.07641186488741136 0.8687155050958757 0.7395650990000401 0.034059102652065444 0.052121820386137725
93 930 0.2553183590867544 0 0 0.45261597993968067 0.649343276013274 0.03337588801377873 0.0677759452831491 0.75533004601963 0.638218891899808 0.0318355962362607 0.046294935229655734
94 940 0.23983800952438927 0 0 0.4282911839370478 0.5917410217551888 0.03064853557755056 0.062307284227102314 0.6955900951579189 0.5886946111355581 0.029812841588288126 0.04291838121927032
95 950 0.20607956088650645 0 0 0.3732032623362761 0.5018352276595859 0.02594795246113464 0.05186986047415168 0.5939386469103441 0.5080072242223957 0.025191352824544974 0.03686215030051736
96 960 0.20537546459908346 0 0 0.3673033936244173 0.48399473260309006 0.02396468479965687 0.048912145403583046 0.5850560014898609 0.49141052684115466 0.02542756355859997 0.03556290488461409
97 970 0.19352560184357717 0 0 0.33627157872880836 0.4401397850346519 0.02194910769159932 0.04490912184092182 0.5440839196868055 0.45438595967969286 0.023056877566710977 0.03261669555533727
98 980 0.17813376318132204 0 0 0.30171489787863076 0.39879029050257886 0.02020144729193121 0.04029262454120074 0.4876136494258324 0.41447937058674583 0.02085007360993597 0.029175702127768387
99 990 0.16492009565909527 0 0 0.27354302488536153 0.36681113153137496 0.018306214421711195 0.03774845455843876 0.4488125981815252 0.38039498289378504 0.01896216593213704 0.026395056036126796
100 1000 0.15152910289125002 0 0 0.24303733601288346 0.3336855085231072 0.016650427311979587 0.03180019732831149 0.4068189066468204 0.3426759607278402 0.01663310056721863 0.02408668045882174
101 1010 0.15103961363767374 0 0 0.23880237087047484 0.3276527599156592 0.016382907323071093 0.03040238840433156 0.4041125612192645 0.33530291635832754 0.01652804012796706 0.024519988828312925
102 1020 0.14851762893100287 0 0 0.22472529515194048 0.2993091212906831 0.01542022940399862 0.029582552344777864 0.38587700256787455 0.30851515526730566 0.01609888424831976 0.023809490039099896
103 1030 0.15487072156336917 0 0 0.24224503171733322 0.3043112355318831 0.01570533457604352 0.02957166698665553 0.3933634494452926 0.31299078756788457 0.016648778743744812 0.024533936663324214
104 1040 0.13896063925126328 0 0 0.21491128077701477 0.2679604490475942 0.014057343662201493 0.02515070691648976 0.328900062846841 0.27380191695959666 0.014087083703064293 0.02209282229054642
105 1050 0.13230318564464344 0 0 0.20705787435022488 0.2514096311114198 0.012878989448107817 0.023958534147477492 0.3122376475051467 0.2552409899558495 0.013240140671994163 0.020822341998409495
106 1060 0.12847041703233528 0 0 0.19807807400605745 0.24261692698261283 0.012038913269939602 0.02316948346986746 0.3119892863108016 0.24696914611778165 0.012653156627491963 0.019671639314986507
107 1070 0.11276662775326061 0 0 0.1664038358651968 0.21313104038561637 0.01051871136092563 0.02016152799679512 0.27664357892177 0.21993695874935765 0.011146562348280245 0.016817387096498312
108 1080 0.11225185337200709 0 0 0.16538168029113062 0.21273585512513435 0.009913109150330602 0.019557636781590018 0.26976321474035064 0.22071249696495215 0.010979187922805996 0.016638135201524004
109 1090 0.1124342054286249 0 0 0.1643584628301767 0.201370965960081 0.009492997339983726 0.019778522334533512 0.2659145196030049 0.21251339019484494 0.011008430545325394 0.01652530247552714
110 1100 0.1085255882930296 0 0 0.15752820635088133 0.186149152359589 0.009040234110433204 0.019151555282560503 0.2501798844956893 0.19929797005096778 0.010509237853241716 0.015635110387425898
111 1110 0.11402784047266558 0 0 0.1629333102588019 0.1923144001179213 0.00904324145929349 0.01964136811820945 0.2573495952078851 0.20118272137725154 0.01035631139736454 0.016471860437949088
112 1120 0.11636303877827313 0 0 0.17240280531707128 0.20047105652567304 0.009086493595614828 0.0202498041516411 0.26536903831763725 0.20913070981741974 0.0097972594573891 0.016532874042689372
113 1130 0.1239261805352842 0 0 0.181327847731843 0.20259571204942678 0.009137809326509358 0.021841877328613916 0.3031109959509273 0.21321032636349763 0.010230589723320922 0.017799934568992967
114 1140 0.12050174926274318 0 0 0.16872762979722952 0.19175272686600445 0.008549865281396282 0.02112663007401663 0.2972699714927182 0.201230836218139 0.009717684379289255 0.016745695655474208
115 1150 0.1125897985697124 0 0 0.15355383747373147 0.17603885126233937 0.007959518647044769 0.01930938552585866 0.2602519310807093 0.18731141201708756 0.00892535602143547 0.015184790140438845
116 1160 0.10589703696417178 0 0 0.1458239451094523 0.17185376571507216 0.007446045442376925 0.017426711270888427 0.24508268069211944 0.1776533231668663 0.008254304123542782 0.01422899827249451
117 1170 0.10396595316885991 0 0 0.14190148846202322 0.16428587276948337 0.007285485182123177 0.017347963840364394 0.24070882941026348 0.16799514997561554 0.008201506846740547 0.013163122496578715
118 1180 0.0940945393672221 0 0 0.12473375620336659 0.14905982136993823 0.006462053376500788 0.015692443639739068 0.21634489445137015 0.1511715631280354 0.007292888876840125 0.011694971340116083
119 1190 0.09283161809212516 0 0 0.11963462086729465 0.14880817324304146 0.006137544480961509 0.01564292411334715 0.212167604231299 0.14706247563397667 0.0070537761799299775 0.011437599243475193
120 1200 0.0988623851008768 0 0 0.12550340429077433 0.1579174260443263 0.006242729871172677 0.016669393504698506 0.2254316990033693 0.14985140615049644 0.0074146568748155945 0.012379094613852934
121 1210 0.10337928955662824 0 0 0.13047770672302922 0.16490163167054578 0.006471003540405487 0.017717623710132177 0.23744641067748665 0.1545226491824826 0.007694149963196997 0.012710500950952842
122 1220 0.09784355445201949 0 0 0.11890837145786924 0.15394124786161706 0.006128840543188688 0.016682049383518843 0.22232328840063273 0.14238981165191616 0.0069378948328057384 0.01186758869845312
123 1230 0.10412094941973254 0 0 0.12480461162819356 0.16844698832215288 0.006281920138592361 0.017961886842493863 0.231557877885918 0.15113314085475776 0.006972969532076672 0.012088719018673495
124 1240 0.10322543780546116 0 0 0.11897783878553758 0.1610224309946417 0.006111452191038147 0.017827212157360325 0.21726390925182643 0.14605661928467267 0.006752998256690263 0.011462245420918699
125 1250 0.09938730523311323 0 0 0.11468029291539727 0.15247927828104327 0.0056262884468333335 0.016896411066086484 0.2057702666192432 0.1382831774534075 0.006254173137373154 0.0108952792137369
126 1260 0.09579229217229743 0 0 0.11092763663541362 0.1436918689760378 0.00512715026242436 0.016259026956326233 0.19796655674578087 0.13257306095879834 0.005878975083417301 0.010098107708012135
127 1270 0.10114085203496659 0 0 0.11590161911165449 0.14993880780999083 0.005219142826335005 0.01745909537287442 0.20234000953787465 0.14577063014995825 0.005945345814518643 0.010920849239474579
128 1280 0.11411781787102178 0 0 0.12421234295735954 0.16583574333829013 0.005843064195792726 0.01964307362134228 0.23450993622989655 0.16432465837341112 0.006971175125697638 0.012281654930617185
129 1290 0.12684994983310363 0 0 0.13695294442609665 0.1856005362764122 0.0064829142234839685 0.02127819193543418 0.2576719142614529 0.18529594049299375 0.007831472076574426 0.013353413805612294
130 1300 0.13702125827595552 0 0 0.14593455649077522 0.2064109162981484 0.0069789525208663414 0.022605210701051804 0.2717075885844322 0.1979476830260144 0.008572441551796418 0.014330336579440982
131 1310 0.16922493188123722 0 0 0.1834554237081509 0.26007195729638477 0.0086452249061553 0.028298592244660897 0.33245584482127155 0.24231096453824288 0.010353940794089508 0.017540319177223155
132 1320 0.17533128652040395 0 0 0.18771685609244182 0.26172542984859193 0.008906857812913638 0.029078010558376 0.3396466541376057 0.23837350595454243 0.010548223609929899 0.017808737993215425
133 1330 0.17238402842793493 0 0 0.18178186932626533 0.25556623967856673 0.008682571318611195 0.027463590256734585 0.3180994499018628 0.22489737595241296 0.010550236833854617 0.016645102239686464
134 1340 0.1587112324025972 0 0 0.16296284236078862 0.22513551276778665 0.007818619241562902 0.024772056781547293 0.2914192123965745 0.2014705992918601 0.009691151061227117 0.015188363949820954
135 1350 0.1398582509289454 0 0 0.1443629983453408 0.19618184931885999 0.006873489311837729 0.021079404887005312 0.25531793100553307 0.17681808402700627 0.008406488602470718 0.013031446572563091
136 1360 0.1286541121237883 0 0 0.1281323459968828 0.1752979349952039 0.006263725701992936 0.01960378662620608 0.2327917397086308 0.16260763706127704 0.00757522295440529 0.011046034000850361
137 1370 0.12199503168900164 0 0 0.1176339547120054 0.16590348997080467 0.005785649440642173 0.018255187727637193 0.22145753932509774 0.15578371717911557 0.007117936700551125 0.010715456778337547
138 1380 0.13493801138548578 0 0 0.13136419979446873 0.179980521790058 0.0063243815646949805 0.020036302898201117 0.24757193683991288 0.18306564552352753 0.007789245528180157 0.011688959473381097
139 1390 0.16209706136681187 0 0 0.15984124818684234 0.21765771439768067 0.007645371980472453 0.023622834442963394 0.29804499139606844 0.22211305769628545 0.009340756455643959 0.013720657708348889
140 1400 0.18687958112656355 0 0 0.17952365014657298 0.23889877850651858 0.00843450097224251 0.026722811686576572 0.3430974281607181 0.26255925292176413 0.010527768925736928 0.016001879472932256
141 1410 0.20777852303015099 0 0 0.19804874299995615 0.26627268018618905 0.009190316051197175 0.02909975631700868 0.3845339801594039 0.2909228174767426 0.011146646946497179 0.017823159878320647
142 1420 0.22018084201021346 0 0 0.2040696472403939 0.26833772266470873 0.009807080327348665 0.029100220812466347 0.3946411153131404 0.31263300908799085 0.012002455807552615 0.018251442572482443
143 1430 0.23004916073260712 0 0 0.21209554061690733 0.27611569566411454 0.009952209220639488 0.030061922941097198 0.41497269103846157 0.3361706704217804 0.012413893375559181 0.018232702006042843
144 1440 0.23873259479218015 0 0 0.2192386193578452 0.27823396048221244 0.0098266280000251 0.030861596946325624 0.4301896890118522 0.3569230088581091 0.012477194271308339 0.018627677541688193
145 1450 0.23619147403442986 0 0 0.21544708420859227 0.27475857315756813 0.009583903062716757 0.028722562743773935 0.4196507635549024 0.34888766206475275 0.012204999881922939 0.01820927179929673
146 1460 0.23409037382812167 0 0 0.21252915581693116 0.2632561686181098 0.009448677683047971 0.02746464325600223 0.40686066030976564 0.3644292806733464 0.011979021166027 0.01834037846034523
147 1470 0.2560251258238672 0 0 0.24073362778832696 0.28039712671484596 0.010450647561382748 0.029544979455977043 0.437975403562549 0.4192779957254052 0.012738541821059638 0.018787301900591115
148 1480 0.27621130854508885 0 0 0.25728909063392763 0.2932836025377835 0.011282591391624618 0.030363097616328282 0.4602454325013845 0.49223015321560076 0.01476264137319528 0.020304637208709987
149 1490 0.3078331466101614 0 0 0.2800338891946287 0.32232398046307464 0.012438572381297357 0.032857720785482464 0.514110685232304 0.5797936033303104 0.017196297407462185 0.022621036306138275
150 1500 0.3603081249937842 0 0 0.3183437901436519 0.37394793111434915 0.014608465862118815 0.03783466169038594 0.5926898979048801 0.7598739946323301 0.022076390408510713 0.027375246507864385
151 1510 0.38844773268441113 0 0 0.3411309382618767 0.4008495374007786 0.015743869369613257 0.04068744874794645 0.6410315505883897 0.8469462259699894 0.024328984377891657 0.02930201384350186
152 1520 0.44966980579821625 0 0 0.376223015055646 0.46425825099519347 0.01783251546398464 0.04586085722356153 0.7393421378256316 1.1288715682316712 0.027972896263867245 0.034018731042617135
153 1530 0.5445071279378805 0 0 0.452313929961256 0.5548476655967914 0.02114312530031483 0.055661568379031696 0.8353641380296181 1.482176273458047 0.034771003933793856 0.03986216120830761
154 1540 0.6863253846403898 0 0 0.5637871051170585 0.7027427687131954 0.026679363126257637 0.07082991496036731 1.0455570744424216 1.883797842639557 0.043666343389986775 0.05000743651292507
155 1550 0.8575763979870495 0 0 0.6980643310520188 0.9001595445798775 0.03296158045574509 0.08807302169433676 1.3096425541854493 2.371526967951232 0.05409676463928835 0.06218951064166882
156 1560 1.0094792699310886 0 0 0.817040558871819 1.0345974049258162 0.0377161522410113 0.10092492812946567 1.5616546459965366 2.8223123657556464 0.05974683963793993 0.0741584556147943
157 1570 0.9036274893422798 0 0 0.72872122099081 0.8952370641457169 0.03370208695788822 0.0862425934918413 1.3479359028849036 2.4764738714231935 0.05231123209436004 0.06614330248416744
158 1580 0.8359393581223792 0 0 0.6718911806105926 0.8286644496494378 0.03148441601418574 0.07604705987620584 1.2306970219867392 2.125609570692629 0.04559695750429355 0.0602946714013107
159 1590 0.7812464922283001 0 0 0.6221595164223395 0.7801539160354676 0.02902270215212672 0.06769528816898908 1.1378315937527907 1.8271082754129022 0.04113203393396319 0.05565141512840818
160 1600 0.8118501401010906 0 0 0.6341833266887302 0.8565096795832408 0.03076878212714107 0.06775530658064231 1.1966231662190292 1.9548540116599662 0.043824009274561676 0.058149339870121726
161 1610 0.8818154879501965 0 0 0.6971454233900862 0.992052302988018 0.0337834726545842 0.07051141645059783 1.2527472398441735 2.0916322145632704 0.04754823784378048 0.06283215124299846
162 1620 0.8639838166936086 0 0 0.6490664105966949 0.9638291651949175 0.03286008195525566 0.06848255654580819 1.226275819623354 2.0413214461591553 0.04586133743246743 0.059829583048508994
163 1630 0.8883486543730038 0 0 0.6883496883768762 0.9555114217145346 0.032149510270194755 0.06915798891381573 1.1946995381321188 2.114664237776938 0.046390123998298706 0.06018763979040401
164 1640 0.9327972494205323 0 0 0.8031057502393885 0.978161555614237 0.03395072912495946 0.07317420413696527 1.2328573592364214 2.1525038625064834 0.047353897099629394 0.06017449119873841
165 1650 0.8342047525652423 0 0 0.7055229134300108 0.8889653137767735 0.029628612511527135 0.06537818875777633 1.0797777605284256 1.879572420696041 0.042202139196492024 0.05197547753919911
166 1660 0.76728035567418 0 0 0.6519276637694124 0.8017803980456928 0.027666034795669075 0.058154385779332574 0.9834142730942868 1.6419636472488341 0.03831468629713353 0.04618929324784846
167 1670 0.742810504466149 0 0 0.6173953824035415 0.7894531899999211 0.02631553116951158 0.057198403288944606 0.9450088534664314 1.5192758885161466 0.035281655927740296 0.041919568849579966
168 1680 0.7366529574669356 0 0 0.6010791910927725 0.7973836543598153 0.025458429285347826 0.055311324379843534 0.9319618741498491 1.4637975440553046 0.03534346617284818 0.04278610684901682
169 1690 0.6488619898681827 0 0 0.5230604609035049 0.6783126782531788 0.022351814037932145 0.0478497715325335 0.7954544887408278 1.1919984076428674 0.0301689575606551 0.03758341474306425
170 1700 0.6406355616971893 0 0 0.5184231093267092 0.6701788628931297 0.022131960658075087 0.049269817145403995 0.7595095197047519 1.15309088702787 0.029752014409151158 0.03725548044866812
171 1710 0.565387002727942 0 0 0.45646246539290664 0.5635997616257339 0.019365704593363457 0.04328752763982837 0.6904931212446029 0.9599374794505808 0.026084510727834263 0.03346044798418041
172 1720 0.511065770057805 0 0 0.40713058851034273 0.5011717178453083 0.017549113554581417 0.038095089719895815 0.6150565898254123 0.8176568249626455 0.021987936907597583 0.029730449722936165
173 1730 0.48437797041861663 0 0 0.3963541705494196 0.4732673652821044 0.01662261285700276 0.03575743203009201 0.541544508485013 0.7621356269348217 0.020748489146213182 0.027950203304672013
174 1740 0.46753145013145325 0 0 0.3813900777795253 0.45573843933734093 0.01710843767122378 0.034684436306315396 0.4998160822037966 0.7004913813135706 0.02002201335769223 0.026424317711450433
175 1750 0.43257046798567217 0 0 0.3491445215116412 0.4065110626263913 0.014971354308849884 0.03229821144134289 0.4546019903929617 0.6316777674252027 0.01832398582000432 0.024160062461487598
176 1760 0.40446868316369416 0 0 0.3145205522996618 0.37981812767872086 0.013605860373823534 0.030220191894470828 0.4137558291786682 0.588369409946097 0.016758054212484903 0.02203867799775609
177 1770 0.3653905432030985 0 0 0.2822880357355163 0.33677754160347617 0.012199260538608992 0.027389868344474513 0.3665397878784829 0.5205805701008248 0.014812154270360199 0.019718544298540933
178 1780 0.3287698682965876 0 0 0.250122730601173 0.300513197843406 0.010968109853058289 0.02367471584970667 0.3360948335411762 0.45185514058617726 0.013441692106370105 0.017688001510917987
179 1790 0.30939461306286664 0 0 0.2351064245260992 0.2864378538317303 0.010310945604273787 0.022397102287289788 0.30641800132327435 0.40537926152679804 0.012552474881361454 0.015981244083245503
180 1800 0.30185225262135645 0 0 0.21993309621037269 0.28146375427130965 0.010103428367601511 0.021445305299317787 0.2987207152990335 0.3571322565350964 0.012239889965259997 0.01585189188463136
181 1810 0.2823491233496618 0 0 0.2016598314945508 0.2640232659512973 0.009395353670183166 0.019769253795518492 0.2850161542198921 0.3082587502269173 0.011364220690799513 0.014231644417204193
182 1820 0.28636428819839344 0 0 0.20438946728782278 0.2758236856145926 0.009407758861387124 0.0198356612906976 0.28499879557263313 0.3039522737760223 0.011720787437953857 0.014690056353297818
183 1830 0.2907919272711 0 0 0.20933961596893383 0.2808504706454043 0.009519874449508433 0.020266124746257223 0.28185600327389865 0.30294789829518376 0.012302503248368294 0.01446164931153085
184 1840 0.2740176644317613 0 0 0.19482692626191814 0.26559679013369664 0.008999681568279738 0.01921345522786354 0.2634816680644153 0.27763468534137414 0.011223133542542998 0.012916653028861873
185 1850 0.2664736131780173 0 0 0.18099225072123065 0.2575485820504024 0.008712802077571191 0.01935313541812421 0.2574407571887897 0.2630816573284747 0.01063540423048507 0.012462541714680217
186 1860 0.25015005057222783 0 0 0.16095203730069962 0.21601004751876818 0.007923108218155622 0.017465425633958292 0.2364643468846679 0.2463179752048313 0.009837574183273638 0.011816299840213141
187 1870 0.2683759564264624 0 0 0.19000631734421256 0.22868804248269012 0.008514441172075959 0.018350985897949486 0.2580248863635917 0.2528132895111601 0.010568889220284159 0.012499572701063421
188 1880 0.26230756020161644 0 0 0.1866947442008934 0.2324853029615152 0.008075515821110293 0.017914322489801834 0.24721249910983595 0.23523674886678292 0.009948138396538268 0.011754023358989469
189 1890 0.2579995544164367 0 0 0.1863175391089892 0.2304960293793085 0.007838905819463242 0.017023237437427376 0.24065845202853542 0.22482321869232957 0.009648904470148559 0.010984052504403513
190 1900 0.268587454773675 0 0 0.19538985738238537 0.242488033724497 0.007975862718057157 0.017673201066735582 0.2530127603448186 0.2148667020022594 0.010358923765917205 0.011735100469940857
191 1910 0.24793903515179555 0 0 0.1765840506424774 0.21642064866439178 0.007371227810677362 0.016370842980954786 0.2282243092927062 0.1770203819390011 0.009610519197514477 0.010644179218274078
192 1920 0.22983153137036572 0 0 0.15548293780275002 0.19515992744476604 0.0068189670036793255 0.015104648380151981 0.2038454361919958 0.16697000010772325 0.008861138767456592 0.009828794805982238
193 1930 0.2363840697506755 0 0 0.16093964037485442 0.2096997281072255 0.007103794283451099 0.015384968968334394 0.20582088981083307 0.16689763111330155 0.009004087715652823 0.010136550079239219
194 1940 0.2261264647362715 0 0 0.15487847741571947 0.20084906797631755 0.006711319081556682 0.014648199990351638 0.18956016206598553 0.15357771572339152 0.008598198181178313 0.009429267531883053
195 1950 0.21999769101201305 0 0 0.15344268517060192 0.1929462014812048 0.006452714784596217 0.013798341787025306 0.1787903291169674 0.14835915961358223 0.008332982192958046 0.009169134670630928
196 1960 0.2091908268190086 0 0 0.14595161369389126 0.18032942388200252 0.00613972121101648 0.013264583918712939 0.16790973730779685 0.1313326901655087 0.007536927762117725 0.008594528670640998
197 1970 0.1779338913444788 0 0 0.12310845757969635 0.149451433127915 0.0051262773111873 0.010985273408717296 0.14113599283468586 0.11057793785913485 0.006415716578554569 0.007076410343741727
198 1980 0.16511210260238446 0 0 0.11328445369666078 0.13389549701481432 0.004566734618311225 0.010676310995510863 0.12481945528689363 0.10026009889818135 0.005900015030602293 0.006572123448423158
199 1990 0.15947702501389238 0 0 0.10945178851590567 0.12394183076934374 0.004474987279508695 0.01038824541960613 0.12129439013341993 0.09274021468726718 0.0056719171934474935 0.006400466596183683
200 2000 0.16143285914424468 0 0 0.10594456105332677 0.12443928814978181 0.004584089476225354 0.010980880324285971 0.1217329831801624 0.09037541468787898 0.0057642213625665765 0.0064017648533049205
201 2010 0.16971263604967704 0 0 0.11124576696405661 0.13347139305064817 0.004788176973206301 0.011608268993635587 0.12190460731057416 0.08947458610096323 0.006098053763446455 0.006640393146989621
202 2020 0.16749480321865556 0 0 0.11019708623206062 0.13095671997194416 0.004695383306211655 0.011179463660455566 0.1176778392093166 0.0887927783484172 0.006028293865247371 0.006553825087885052
203 2030 0.16927808847775908 0 0 0.10997358205237996 0.1298088021629482 0.00485131709396742 0.011197215735274364 0.114593734624737 0.08665090418618875 0.006187819176455898 0.006536186787430249
204 2040 0.17414687065050935 0 0 0.12097171991026588 0.14660806984615846 0.005017291119894388 0.011400186623548372 0.1183225863072195 0.08893550191450335 0.006274624987726191 0.006450705869011869
205 2050 0.1831899941764716 0 0 0.14306972065231283 0.15876911714927952 0.005274971908476696 0.01209109484032832 0.12460506193014687 0.08961409040250282 0.006435527258492912 0.006682864659086108
206 2060 0.17012084541690908 0 0 0.13458448816730378 0.14630738481369332 0.004994117345537963 0.011263102003889696 0.1101253083921775 0.08119774209114451 0.0059009419885430485 0.00580755734793502
207 2070 0.15095707966578872 0 0 0.10975600229671972 0.1274777737685014 0.004422302794039039 0.01036654957318879 0.09619045962443205 0.07070319512476834 0.005151715188231998 0.005097677796002065
208 2080 0.13486384569304133 0 0 0.09692571300895576 0.1107527265361572 0.003931077247079775 0.008960043389160434 0.08760722527883845 0.05872042926642621 0.004586514280149318 0.004397717983377518
209 2090 0.12195948117960474 0 0 0.086147376257418 0.09917109802161148 0.0035962187739432463 0.008027546776860857 0.07781995887231448 0.05149900868959313 0.004125795045617426 0.003890000779194768
210 2100 0.10924956801482126 0 0 0.07563777382258559 0.08885577619632773 0.0031581912686220077 0.007253418357830221 0.06874088880662788 0.04506280055475196 0.0036413918696740935 0.0034246437755862977
211 2110 0.0995465064525154 0 0 0.06776318842550202 0.08168531444583362 0.0027505611015216074 0.006576470302222314 0.06040845615934594 0.040104952104971864 0.003277275561202334 0.003042191956961172
212 2120 0.09294090717845802 0 0 0.06175640541141777 0.07639783783311258 0.00256269078139673 0.006058554869096639 0.05380212830259437 0.03728182939983731 0.002945615626799347 0.002926148662040465
213 2130 0.08612976450844763 0 0 0.05824478520196322 0.07091049468199659 0.0023241537804666924 0.005391205898275761 0.04897551111472099 0.032657764980301214 0.0026917927401175655 0.00267186431028039
214 2140 0.07972258873010209 0 0 0.053454330977768354 0.06412143327037002 0.0021582814172467473 0.004902742642770535 0.04315510376231036 0.028741776010548118 0.002456418858320357 0.002512723180998517
215 2150 0.07782855644374048 0 0 0.05034880092480442 0.06220870029644855 0.0020836664721594566 0.0050663465056842655 0.03948482328347858 0.028319909417908767 0.0023824964999924194 0.002344450822593493
216 2160 0.07425272902479618 0 0 0.047858764503851514 0.059099983373911986 0.0019428954600803332 0.004757644744735396 0.036707184355324274 0.026091352961632158 0.0022771548596874675 0.0021960665659501778
217 2170 0.06676451422673652 0 0 0.042543782720998465 0.051391428991173674 0.0017204722272016531 0.004294645809360811 0.03243377776002951 0.022286725723284172 0.0019923804303296107 0.001962190953028988
218 2180 0.06316335134090474 0 0 0.03994149572652609 0.048499263083202605 0.0015986066262277288 0.004022422146067494 0.029605325896934175 0.020591994498519145 0.0019285763397907767 0.001786940275245357
219 2190 0.06449849564988194 0 0 0.040194958540373624 0.04654317356242923 0.0016991205054113652 0.003973260341745838 0.029883563447063468 0.020818676366551575 0.001970392847808772 0.001711060590690013
220 2200 0.05681452427058298 0 0 0.03444025142421462 0.03951183260142786 0.0014856864859815989 0.0032782981404887324 0.02644343549456423 0.0173369660670199 0.001730095842808965 0.001492503174431956
221 2210 0.04764057239922911 0 0 0.02888131984093657 0.033573045206539066 0.0012453501899585655 0.002723970117894743 0.02138048674435948 0.01380000296556876 0.0014186946797833872 0.0012640630333133772
222 2220 0.044014245119510124 0 0 0.026539238365245178 0.030382296410279872 0.0011278643934527106 0.0025069475445737817 0.01856697046236381 0.012436442642989437 0.0012975293092745389 0.0011884720627651827
223 2230 0.03933479886359236 0 0 0.024012901697169284 0.0269772408581355 0.000981049876121988 0.002159010651239517 0.016629479922642684 0.011042089217655144 0.0011314838937110546 0.001020207976031535
224 2240 0.034183221912640144 0 0 0.020359352551687082 0.023053440572430757 0.0008253557280934698 0.001862922472531631 0.014360739283747532 0.009333671112164222 0.0008968850762929533 0.0008720331533469496
225 2250 0.02992418490062432 0 0 0.017433266650636946 0.019695619704951577 0.0007205668337399093 0.0015497597237073824 0.012246402786070334 0.007802414819732837 0.0007960873451352317 0.0007604131949403704
226 2260 0.02721454064369744 0 0 0.015466987210772089 0.017750601979172918 0.000652231193436032 0.0013104804268290037 0.010903279330934037 0.007143117150948118 0.0007132478895387229 0.0006927108386136895
227 2270 0.023621194907749603 0 0 0.01308992728267048 0.015042572614764275 0.0005450933620636335 0.001143496130788373 0.009474025368447232 0.006060556057351748 0.000604154519147385 0.0005886781393861233
228 2280 0.02079507369293464 0 0 0.01103154441687724 0.012780278502168514 0.0004827823633732233 0.000977308323905537 0.008270114212555793 0.0052503929437257065 0.0005201069222435483 0.0005117797400726077
229 2290 0.018574959337478898 0 0 0.009767857746939739 0.011338775405792647 0.0004233041057613623 0.0008288278854905203 0.007307427090299694 0.004433857960419857 0.0004654865690322248 0.00045376590257066823
230 2300 0.01751052710042082 0 0 0.00879653727127763 0.010538439673025996 0.000391972032098095 0.0007727341313705008 0.006944865261001322 0.004126240826943351 0.0004218860627888616 0.00043313879324345466
231 2310 0.01648613158924873 0 0 0.008276678249641178 0.009294927110992474 0.0003567483027120696 0.0007136211091230489 0.006577054878878631 0.0037741890759250543 0.0003901430992288214 0.0004025243773259485
232 2320 0.016402524527732606 0 0 0.008780909043731352 0.00932215924809113 0.0003539615054460754 0.0007105674656488602 0.006374517189629726 0.003593640346108899 0.0003925017280373774 0.000409509429430947
233 2330 0.014848323841683527 0 0 0.007996658198440892 0.008500023097295285 0.00031483046784511453 0.000631503775492886 0.0057827305187572176 0.003238039809028874 0.0003493786012550761 0.0003560945950706339
234 2340 0.013849180522987583 0 0 0.007307351394954551 0.0077893799339105296 0.0002959902663869791 0.0005857655616013924 0.00526087688542868 0.002909512613708325 0.0003227064304865791 0.00032277829602951624
235 2350 0.012039141382121856 0 0 0.006130234326807193 0.006512800811493506 0.0002507159200789001 0.0005039836376388038 0.004519943505119439 0.002470707999931429 0.00027330116758535856 0.0002805768085142754
236 2360 0.01099548065803689 0 0 0.005553382924650742 0.005920184075930628 0.00022736822188179672 0.00045784766125388286 0.003993458434878964 0.002173860986872889 0.00023759631823644676 0.00025784681853078856
237 2370 0.01004598034452597 0 0 0.005153832654907872 0.00544049382083358 0.00021054720297380815 0.00041455035273974314 0.0034002869746053584 0.001992424082832167 0.00021732363308514638 0.0002346380192186188
238 2380 0.009135834151772852 0 0 0.004713703558483871 0.005030444096795481 0.00019065803723787862 0.0003704252015706825 0.0030747328146020843 0.0017494865006198656 0.00019102204621604106 0.00021174822005578503
239 2390 0.008861219046175957 0 0 0.0046699458400631805 0.004821476136967896 0.00018223553490150985 0.0003629275636399209 0.0028870849721089552 0.0017427739084554985 0.00018543063270840858 0.00020483177764388485
240 2400 0.008336505365754423 0 0 0.004317477904312721 0.00449211891166532 0.0001671617933558476 0.0003340756492106629 0.002695896019565236 0.0015769023325445648 0.0001639185886089577 0.00019864174687336786
241 2410 0.007249717945578638 0 0 0.003599131720484378 0.003865784667083792 0.00014418386587434766 0.00029227507252063613 0.002171397994627323 0.0013681336041035017 0.00013577033846567894 0.0001688990300495195
242 2420 0.007019215951441349 0 0 0.00342850108428579 0.0038690587865403696 0.00013429650365724073 0.0002852664104310346 0.0020010208399239672 0.0013453136762275502 0.000129707181402031 0.0001594849083478314
243 2430 0.006362266336949644 0 0 0.0031249970764859504 0.00343117263657946 0.00012058885444129982 0.0002579387330023498 0.001793084825153599 0.001213752420875683 0.00010913533958640905 0.00014284953969503772
244 2440 0.006434768607564091 0 0 0.00304826563722247 0.0034202746093209696 0.00011852978674507836 0.000280676066785592 0.0017878876522202174 0.0012127400478331573 0.00010412363874094046 0.00014518510686762994
245 2450 0.006482143893758737 0 0 0.002937852875623763 0.003479107211274027 0.00011994545787581083 0.0002901227785656913 0.0017588804692578743 0.0012108898451636749 0.0001048966194920969 0.00014438509147099543
246 2460 0.00560304343569764 0 0 0.002488963452912854 0.0029813427402546676 0.00010153225773036316 0.0002473723540988861 0.0015080639868476247 0.0010378682886604572 9.016863155951666e-05 0.00011837772535624726
247 2470 0.0048950836608381045 0 0 0.002109512919428173 0.002541030597561988 8.915334660760547e-05 0.00021298844028625502 0.0012756548356258977 0.0009009849557049995 7.862746832003145e-05 0.00010390668015004981
248 2480 0.00445170455358258 0 0 0.001819601362083419 0.0022481790509866068 8.138642253347317e-05 0.00019570110202788603 0.0011778697854808134 0.0008046144778815159 6.872332763849561e-05 9.236767787990861e-05
249 2490 0.004081206209344869 0 0 0.001597441869748479 0.0020859908216376345 7.418723426993548e-05 0.00017734558412418823 0.0010747156224875925 0.0007205808745209866 6.377896679907793e-05 8.14718547595546e-05
250 2500 0.00372305829570376 0 0 0.0014474449957991064 0.001842728344926164 6.548971144583258e-05 0.00016625878933004644 0.0009598943636205012 0.0006387592852739569 5.749665590598767e-05 7.409646220928115e-05
251 2510 0.0032931552978693046 0 0 0.0012720242353969908 0.001624231618869317 5.8548972902861066e-05 0.00014609633713085236 0.0008110533047778466 0.00054148037655165 5.135812408723674e-05 6.52458787836907e-05
252 2520 0.0030466830638420225 0 0 0.0011564234175249644 0.0015196838392396198 5.326006228067475e-05 0.0001349383619130701 0.0007389370424162368 0.000488706311008417 4.609874449090632e-05 5.8723469184655686e-05
253 2530 0.002774424560328316 0 0 0.0010506354547306519 0.001410777013631296 4.8285196336371175e-05 0.00011625920017914987 0.0006484850353333307 0.0004224067879921135 4.2263865851474345e-05 5.354011233885034e-05
254 2540 0.002607012332873216 0 0 0.0009869035532765837 0.0013331982219571775 4.543366474684465e-05 0.00011025804157586219 0.0005688867409500565 0.0003662124294033512 3.9555914870792164e-05 4.96336768593798e-05
255 2550 0.002622208056047896 0 0 0.000955467462952866 0.001314476098638588 4.554452290410088e-05 0.00010948759349250825 0.0005724783353738745 0.0003817896967847265 3.9583232910919416e-05 4.89306435319182e-05
256 2560 0.002447207572389898 0 0 0.0009007228827403647 0.001243641914744086 4.1561441353155e-05 9.178478060610722e-05 0.000516123932632855 0.0003570104009226619 3.6154606978943235e-05 4.408332916389965e-05
257 2570 0.0023504304831491215 0 0 0.0008312882906767286 0.0011850908087546418 3.928838815150089e-05 8.729132991487606e-05 0.0004905448970158523 0.0003408126590920393 3.462770737550018e-05 4.167485001059889e-05
258 2580 0.0021187649026175007 0 0 0.0007465234074934849 0.0010339090678498448 3.501256270801132e-05 8.064075734954988e-05 0.00043143558435161444 0.0003036663342283405 3.140416253758419e-05 3.7320919197567707e-05
259 2590 0.0019244090907353784 0 0 0.0006718629218382862 0.0009009575515463248 3.160360591740726e-05 7.188614875160027e-05 0.0003930617254002241 0.0002701364587703015 2.8516798877333276e-05 3.228832283790975e-05
260 2600 0.001703020867747455 0 0 0.0005824604989656499 0.0007905413697307933 2.7063314002752085e-05 6.47636623787003e-05 0.0003397417933588474 0.00023757110882390828 2.408967808950526e-05 2.8909474907016467e-05
261 2610 0.0014776222592227323 0 0 0.0004933494353331623 0.0006669772992541502 2.283833325842791e-05 5.6593152496419225e-05 0.00028665722814791387 0.00020031671697305802 2.0585606213982082e-05 2.403682084628472e-05
262 2620 0.0013372159217384712 0 0 0.00045235536233224655 0.0005991152069166941 2.0674661631376482e-05 4.986402228949073e-05 0.00026014585930840876 0.00018163687596103385 1.8246537130512778e-05 2.1410199781081787e-05
263 2630 0.001257652404373899 0 0 0.00042996172854700855 0.0005491336977835136 1.8881260971513843e-05 4.758290572016674e-05 0.00024581781210418377 0.00016557221389781987 1.692281436896016e-05 1.9595109616713772e-05
264 2640 0.0011893885570472354 0 0 0.00038706311707633175 0.0005149499100331396 1.7442689281782825e-05 4.592816121768629e-05 0.00022613189398025397 0.00016003571133706284 1.553423147484738e-05 1.826922964058892e-05
265 2650 0.0010464004011157561 0 0 0.00033905255476951657 0.0004554628244836676 1.4667781434329759e-05 4.076161569605682e-05 0.00019179503661222232 0.00013252763843286087 1.3466689929266364e-05 1.5628167189563223e-05
266 2660 0.0008693448950960056 0 0 0.0002817570392851808 0.0003626864995429242 1.2189041166978166e-05 3.317284618721528e-05 0.00016140708144907318 0.00010944831420702772 1.1004866003086938e-05 1.2082092815084698e-05
267 2670 0.0008372896187814812 0 0 0.0002755768110408838 0.0003504481310741732 1.160452631460128e-05 3.185726300662194e-05 0.0001474693252667751 9.912137372439166e-05 1.0558043216854547e-05 1.1053710009552381e-05
268 2680 0.0008325911420169949 0 0 0.00027207309153304444 0.00034904630290222575 1.1187428658921887e-05 3.168247134415085e-05 0.00014188789601591 9.558318617438566e-05 1.0252184819696957e-05 1.1558903158226465e-05
269 2690 0.0007473118173095235 0 0 0.00024077389894539401 0.0003111756180199876 1.0049552713449487e-05 2.7935119175884713e-05 0.0001235982076475286 8.493485598421427e-05 9.098285577308295e-06 1.0121065217483032e-05
270 2700 0.0006710246629037127 0 0 0.00021002404011617718 0.00027836285272753825 8.523717537912418e-06 2.5270142987800088e-05 0.00010974865072933364 7.72872031619295e-05 8.032135805966049e-06 8.751559478126357e-06
271 2710 0.0006123275995453039 0 0 0.00019227824162566296 0.00024572265499963757 7.70222088760431e-06 2.2972178860368288e-05 9.826178215752722e-05 6.862947298486328e-05 7.3599298597503116e-06 7.783867733930603e-06
272 2720 0.0006066041120861503 0 0 0.0002015657983370904 0.0002501552083778363 7.442307598100149e-06 2.2955501090596655e-05 9.742992339702713e-05 6.723213512161234e-05 7.245369857325923e-06 7.625838920637629e-06
273 2730 0.0005736702944868916 0 0 0.0001879722635699183 0.00023760470721460468 7.069570123652774e-06 2.1024719998272917e-05 8.869554162691967e-05 6.511589491622996e-05 6.868160281616875e-06 7.055951596493846e-06
274 2740 0.0005226729328531638 0 0 0.00016753141463326853 0.0002140321227155564 6.519527002762741e-06 1.8928744819120312e-05 7.870138430675527e-05 5.8590944745898245e-05 5.9638842488171905e-06 6.238648325768009e-06
275 2750 0.00046562253158075403 0 0 0.00014378461855670156 0.0001832541358259408 5.785430873363639e-06 1.6594562749316636e-05 6.962052425215964e-05 5.037418250933734e-05 5.1471173516681635e-06 5.483157613228693e-06
