% # columns="iter, evals, sigma, 0, fitness, xbest" seed=841059, Wed Apr  1 10:13:27 2020, <python>{}</python>
1 10 0.4891896240444322 0 321.9013792046053 0.7622722994594928 18.968074456782162 0.340988247064028 0.2935466214482094 1.2774219360533818 21.068576189792818 0.01576008524621588 0.25065419275615686
2 20 0.47644718660114954 0 318.5990174844539 0.18044441259520544 19.4590669144313 0.04799004318637966 0.7829593136032313 1.389430697450784 21.24629448399977 0.14877757358263619 0.2104812075462182
3 30 0.4579456174945867 0 319.70839031624433 -0.10954554654272294 19.758275440249037 0.05407547356695114 0.05306348790388102 1.2174177624792932 21.37288833644823 0.3188783475137818 0.7357046082429026
4 40 0.4649585057838481 0 317.93830322474173 0.6696249376772399 18.851131747215874 0.13846503123056117 0.21700115866288303 2.2809969319265346 21.304606934970515 0.0417822800480063 0.017139458775512668
5 50 0.4011869367862869 0 316.925573005783 -0.12260477237170353 19.387387250331063 0.023661822991802327 0.3557976554679459 0.9312460932397524 21.34593332997157 0.41133935254957443 0.3825030273527231
6 60 0.3759758255358218 0 313.68246200353326 -0.41133433811475156 19.117715464296747 0.0810770540776598 0.2175988585827741 2.242801237132686 21.26788983764704 0.10573238329636611 0.4179813785801285
7 70 0.34434515886749084 0 320.9273631010846 0.09925842382245839 19.514116660443232 0.20377036040817154 0.3075169260907305 2.119996063594389 20.656420536733165 0.41267643571075074 0.1977976452689902
8 80 0.32021313345189273 0 314.9948515784538 -0.2715737604262374 19.407759512872623 0.08262230375507268 0.2657083012854847 1.8860677236683545 21.333611025368835 0.19919863082670403 0.545840117087079
9 90 0.29161786228271785 0 313.7280623037029 0.03919258409990789 19.127482932970366 0.026863188041482168 0.26224860252217996 1.5441351053401116 20.601085583195484 0.16464202822283636 0.3687473734429384
10 100 0.2649742789291662 0 317.1201521847561 -0.08146107061545536 19.23030911961841 0.16281329768350178 0.0006145566537790277 1.791321472250119 20.870838492749368 0.062312366084814386 0.350021791118256
11 110 0.23532923526810196 0 315.47906427860113 -0.3826421106362117 19.424801256484553 0.0705843472954901 0.2962601314708065 1.672429868683561 20.96197072246912 0.36643422528835534 0.4150173545078935
12 120 0.23313636492526837 0 313.5981732190847 -0.20482009036593357 19.235148808591656 0.08167302101979335 0.37327362886337595 1.5391435796118553 20.84552560636029 0.20108580722521563 0.3503162390417491
13 130 0.22707661378456082 0 314.9731583840938 0.16543997236810298 19.385498048965744 0.1950867202853382 0.39555918026678727 1.6509876814863813 20.78407736092647 0.2121750650591279 0.1886199554145094
14 140 0.19668697762019113 0 316.39110861260514 -0.027286444580345112 19.451063121701257 0.09103733647684853 0.5118275573528346 1.5325822992672642 20.878473165406668 0.07427393721525039 0.25079379437100446
15 150 0.19822649091058994 0 314.82313652397187 0.006739764150841043 19.71308674721993 0.18941524582661728 0.352202474326884 1.7904674587314517 20.904806675340232 0.20590078143692261 0.16978783231461755
16 160 0.18579446335922 0 314.7540255159485 -0.0813083326636026 19.520005745094394 0.1856020308466022 0.44363681214036926 1.7086474392699604 20.95357026504824 0.17358119288188778 0.11456088038689059
17 170 0.17144358444652208 0 313.3315718149226 0.026010367101000548 19.476227168832597 0.0003008341114865024 0.2580942427263246 1.5284992408256841 21.105090092203696 0.2526154692944249 0.25265810025036467
18 180 0.16605424115415737 0 312.0324087022632 -0.0036915460395634363 19.53368032653707 0.03728026303680036 0.20144290410070984 1.522357378823579 21.037952581060647 0.28600816925213496 0.23232100220715418
19 190 0.17033477263992253 0 312.7373109512945 0.12392965753630658 19.71651890695463 0.00022290703288014622 0.1592756086863803 1.1033767173729863 21.005836719106295 0.3262864404607312 0.2429872323876277
20 200 0.16554863726904728 0 312.67879947751123 0.05017698015781968 19.60753905896103 0.0502807910426907 0.13965349607430305 1.118744319990721 21.070386130447716 0.34299545355733263 0.28696926077481105
21 210 0.17435073527862102 0 311.8486646824961 -0.1308597596634587 19.521055359109315 0.008477653966201048 0.02972937800519504 1.7700533175375932 21.260009800995878 0.2922292705019449 0.2795870990348975
22 220 0.2070182405715627 0 314.26987819402353 -0.5028680128928307 19.664482141686538 0.044860655359974105 0.07418883408692997 1.5993875805613487 21.400444275232513 0.14404069558492683 0.15207966996906844
23 230 0.21615307797265393 0 312.28089027804594 -0.5605333397974201 19.64333301886667 0.007593961150292857 0.12827589778744303 1.5151716199418974 21.316885447946103 0.30574175057508934 0.23789758028095453
24 240 0.19684402557416547 0 312.8007105796737 -0.2799008378989053 19.42402808031599 0.018872745873363503 0.04782687424785617 1.4340308003473174 21.402126338454313 0.2121180539304677 0.22818814564433892
25 250 0.174206391299023 0 312.0603281239879 -0.30036276468695966 19.475092562084033 0.0007764351071053345 0.03266498775597455 1.4689168526405922 20.943055651244855 0.31124368662464347 0.2527187396631493
26 260 0.16178703111685147 0 311.951172358235 -0.3586270160506247 19.523187594103003 0.015502048217203175 0.0022148413418191155 1.61134308959822 21.04516129848871 0.28331911559862794 0.36906012775603914
27 270 0.15064471037394075 0 311.6813744032579 -0.4552836087590006 19.53003849742852 0.026827033595917277 0.026855831928804048 1.8743362959041814 21.31844008362982 0.27972592655210876 0.37492043408473136
28 280 0.15805824081083208 0 311.6434034991303 -0.6390530537095757 19.47234060254435 0.0016513528555359136 0.0076697922352247936 2.0400332199747164 21.00058160489191 0.3372554341733789 0.3659035488098812
29 290 0.1489810509228468 0 311.3941073061072 -0.44205398858821193 19.424404182005418 0.0718650871200831 0.1423578039350257 2.1029087880384445 21.007566030137905 0.23179048054963047 0.23031592889341113
30 300 0.14292439945109117 0 311.7574912496688 1.7536717937693957e-05 19.375724978671492 0.0005655629616307795 0.08029650611476417 1.766757392531598 21.246771582353634 0.3243452187703793 0.2844035583810977
31 310 0.14297626541047578 0 311.6423029661232 -0.32547980881883476 19.263994697572276 0.03077803362276517 0.004193322160741545 2.0255973619651053 21.249901202296094 0.33346888681602843 0.3325759007946076
32 320 0.12454164767473293 0 311.3088400078351 -0.07122444324151248 19.44873877601412 0.04760720306080866 0.034359980719397096 2.037164139895076 21.031797148074386 0.2643892482533421 0.31758853763575023
33 330 0.11397686584619879 0 311.51990884554084 -0.09773506798341824 19.32013649083506 0.0003609059107023605 0.05084341406118874 1.8611383229061131 21.110925626956345 0.31931571291772676 0.3156942729787312
34 340 0.10467607768458728 0 311.46061835661055 -0.14020668739332748 19.475783415530607 0.026157027440846407 0.10507873038840373 1.945217843145656 21.36712671948688 0.2703980328373995 0.2927202249628768
35 350 0.09011279419189552 0 311.4225976499804 -0.022105385186078547 19.482294742425196 0.044080752828524236 0.0265970221299069 2.0979288839565755 21.213997665491373 0.2564879779019642 0.32742039683555635
36 360 0.08791204854891696 0 311.3426031577776 -0.031012156399934293 19.443095904155726 0.008932697977807593 0.06784491318022132 2.169758202536077 21.16514052741991 0.32120934518562433 0.3254291261805374
37 370 0.07936272580543258 0 311.2837607692519 -0.10590284173109905 19.371190213769186 0.03776728970949049 0.02885929413812876 1.981127609949575 21.060750063676455 0.290922115076446 0.33217727847629785
38 380 0.07544734241132854 0 311.1908965795596 -0.0570963011017032 19.421567314910867 0.036098134530728195 0.12021165959146565 2.1918007558502883 21.204387612752562 0.25170370816921694 0.27635700495696114
39 390 0.06836186127767961 0 311.1555958989278 -0.024131392131495864 19.3193725321606 0.04405985849193875 0.07851052613605175 2.073132864943983 21.1971781198831 0.28039005132662836 0.2911800402220959
40 400 0.07266181094237505 0 311.07937793942597 -0.08507990916417657 19.27850403364985 0.05058988742720344 0.08699003023070798 2.2340855492979856 21.23779519512373 0.23200034051845497 0.2800536545200775
41 410 0.07015205163466341 0 311.146114744761 0.006036600554543026 19.34455582918049 0.028778568303885373 0.09342867839140023 2.063909877018669 21.11474319354833 0.25748764495281923 0.28874310472525067
42 420 0.07362862732175582 0 311.0414771893215 -0.0627360799192584 19.22599842119322 0.04750175867798781 0.10564624066685555 1.9985358318323492 21.05470101808152 0.24921183695318616 0.2786917703813103
43 430 0.07246201303326878 0 310.97982186033283 0.030997698353028496 19.18309740639059 0.045453655710997305 0.1160771626153512 2.068228782269674 21.077082447954197 0.2617610785375522 0.28915413999998363
44 440 0.0707082484039248 0 311.040615635835 0.013136390157142214 19.170529391122372 0.01110857011657888 0.07860112343427524 2.0405998060068513 20.93819957305965 0.2901944425239993 0.32640264380217554
45 450 0.06885926861214625 0 310.87948057996493 -0.12845024916820602 19.174719958583218 0.03411979582353106 0.1070517396357789 2.2416527180604273 21.147011320165106 0.26714305691451656 0.31388534214318753
46 460 0.07670227186025128 0 310.80416419176777 -0.16783269514584986 19.05495898781158 0.045384135781878415 0.07734007605258544 2.285086027897307 21.181657795611418 0.284877874291674 0.3065403554922388
47 470 0.08535814407922687 0 310.6369120447737 -0.20151817106897082 18.928434305927833 0.048369272194852174 0.10143519724746247 2.187616352391387 21.02274708654501 0.2600422151254242 0.30086113528179553
48 480 0.08660649102030779 0 310.75358053780803 -0.2701007417311606 19.07143667000469 0.03382700567880229 0.04891178046436936 2.2864292059654474 21.1388631177562 0.2730280795825614 0.29995802044068276
49 490 0.09390188805061661 0 310.5789867664254 -0.3613612098031755 18.878252922621233 0.020555175243099036 0.05884831858686513 2.3222181956758896 20.99808753939604 0.2901547026105732 0.2769947727354907
50 500 0.09116069645542964 0 310.5353438115718 -0.26392046230602095 18.827059218746157 0.041085281802769553 0.08782326069293586 2.278314874303102 21.044954537583358 0.2387067686499894 0.2993680727640548
51 510 0.09013642681814857 0 310.583775285133 -0.3004090032669819 18.817484186584636 0.026883431629483614 0.1311241941298652 2.2915539056438377 21.02151024073739 0.2711645489362849 0.2843105045667569
52 520 0.08369204539631445 0 310.53557264631047 -0.12921543235626567 18.821093512987538 0.036232631917759696 0.13972608305391612 2.403021303517556 20.90731706163013 0.239249632498457 0.25684074072826346
53 530 0.08455710574047315 0 310.3111136191941 -0.3360502580750844 18.69961929925711 0.06182107425422459 0.12004130541596691 2.567159769849907 20.99199664254411 0.2413820817298993 0.26574354936989975
54 540 0.08861231413920638 0 310.3874429808128 -0.41331348566575166 18.725310290802376 0.06383031753933952 0.1352881706962701 2.6152880858004917 20.910518519548393 0.2682990345547636 0.26857879375884347
55 550 0.08359294501209424 0 310.2974062827817 -0.3210087711955155 18.823948448307497 0.044106309208647235 0.0860286911111427 2.5592918670811984 20.984587584173674 0.279171281090124 0.30738991972163765
56 560 0.08174743703600956 0 310.1712474075634 -0.5761880549163552 18.685486278847804 0.03870963814814366 0.08238528248461584 2.6999314970559056 20.863833590520652 0.31324317105088306 0.3103928297197572
57 570 0.0873565309433303 0 310.0667067539812 -0.4434849489947871 18.66242500470289 0.0552148469098509 0.10727442040125088 2.7168829116962825 20.838642890153505 0.26889952325599037 0.3144364473374742
58 580 0.09725571734940254 0 309.9179207390203 -0.5285806447775365 18.558495120430262 0.01980828760194844 0.10876459736529093 2.700059714199652 20.647515376481778 0.2769406121690651 0.3078899811731815
59 590 0.11448755844620002 0 309.6526830916263 -0.7636663311927122 18.393105735895283 0.021175653009689946 0.045389883369484775 2.877945659986723 20.67652000565875 0.2674989835046137 0.31873124747566256
60 600 0.13046216872964206 0 309.3607024175189 -0.8846063941298237 18.309771504626845 0.027331663645192527 0.04594626757147677 3.050938506606715 20.43248549307607 0.2550638057960705 0.3686112539063368
61 610 0.1393671307967616 0 309.2987942499244 -0.6084970871008564 18.348523893331084 0.02938367987170381 0.060170980489785204 3.1661585458799903 20.556185438222997 0.2988743482356434 0.35434456296053196
62 620 0.15330262975793446 0 309.0573404330415 -1.2255874875649364 17.997264685318637 0.06143532105140284 0.03743306387843149 3.5387588674950345 20.360958275495037 0.2065996533148617 0.37748543177422844
63 630 0.1775733042045395 0 308.3365043931443 -1.1347081546340012 17.73941448267164 0.020119522674663215 0.06946298818907173 3.5182599860947215 19.972160582116473 0.2730624111862719 0.3624587417557527
64 640 0.20383094728559942 0 308.0345378445573 -1.4186100155099137 17.51336912614392 0.008930903018872928 0.052053738776791786 3.8622542115594967 19.808779806891796 0.2919653972731816 0.40709575019013206
65 650 0.21457544417164726 0 307.6714051744975 -1.1785708351864064 17.361789846881962 0.023685812583207923 0.04444203873007662 4.01268048910198 19.92911009819016 0.28234303328856836 0.4107709317157847
66 660 0.23262091649557867 0 307.34398261624415 -1.4959081968314025 17.150334888258488 0.012668036022765002 0.009107170077345118 3.983839367588825 19.271431594269963 0.32927348739913437 0.40103149510157
67 670 0.2372798054478852 0 307.33335747016724 -1.6382120718814097 16.778299238663276 0.011791029043069922 0.07930107324806687 4.256505743389873 19.11133894520346 0.24377953072790073 0.4237900139817391
68 680 0.22674356822337768 0 306.7455017308958 -1.7733493101459514 16.7434069879337 0.025482597688514786 0.014479339868407163 4.4531692097601105 19.377777818994264 0.2634781758258629 0.40051291946607137
69 690 0.2444692835388485 0 306.0622289990141 -2.366612085346921 15.82006169292383 0.003935596449817368 6.920025991904358e-08 5.11346185894711 18.31122492697347 0.31125942350453467 0.569102187962157
70 700 0.3046407170916636 0 304.67003074234134 -3.4523260521601475 14.852677117606714 0.0025289548216883896 0.032525824096609965 6.197062005717729 17.160937552689784 0.252767060809405 0.40133987003937666
71 710 0.35750794828720633 0 303.8725360752971 -3.608572249379173 14.427418748608467 0.0010402858354369726 0.002761933591563531 5.994071620302539 17.627566271960593 0.3101607816121106 0.47183793728660567
72 720 0.4031869980398927 0 302.2206861387847 -4.047618006161121 13.692664744756962 0.06524819392033127 0.016472751009888383 6.7350745573540785 15.840037933491953 0.2757379332499618 0.35595484272486827
73 730 0.4361550226832651 0 302.98300406815423 -4.570141881816529 13.771830540695662 0.0001003578743516124 0.000418150544058681 7.52923900422393 16.57411586376347 0.28649026800606275 0.4375838461940391
74 740 0.46273597226253577 0 301.9116308588937 -4.231854596920729 13.428147020748634 0.00455604380168612 0.02235158048022018 8.186068233904493 16.457607170481058 0.3381451014483466 0.37813786600835037
75 750 0.47578842965273754 0 301.8548604468751 -5.354644428436222 11.63140358911634 0.0195815980621627 0.23505711057411882 8.835396960953746 14.882781022711088 0.3121762675391591 0.428277603468549
76 760 0.5158822465315149 0 301.2053362709289 -4.560690807033184 12.622595319167738 0.034913744406929195 0.10702720967944115 9.024871476086101 16.16574149379174 0.2510747968115989 0.413896708298774
77 770 0.5363546485031251 0 300.6301496681684 -5.190039910118203 11.638602549547258 0.03344436139052246 0.10539172126790758 9.984272669166923 14.60095963937886 0.23991927201187546 0.4856828255542461
78 780 0.5170597617131655 0 299.67058890996657 -4.58672787668092 11.785855122551489 0.007730735714351496 0.009236316578801567 10.397276703137493 14.828730973336222 0.35049023980792415 0.4397824107985607
79 790 0.5004605290169523 0 299.3660321685603 -5.25123889379074 11.033268787087916 0.0017121290365613292 5.305267829700478e-05 11.015701584626717 14.201598780412068 0.32088766741999564 0.5079695631424187
80 800 0.5297555118222596 0 298.6025378091436 -5.758553664912988 10.8601726489295 0.004666118602994915 0.04633671614647648 11.341782540676299 13.208348622135954 0.3632583322772888 0.6509014736050683
81 810 0.5692855230900495 0 298.48068132331116 -5.8327456594691 9.549445249097342 0.004505465268223541 0.03008442197378204 11.509927998898469 12.765082979606877 0.4210628284808195 0.48142165014152444
82 820 0.5661556463113574 0 299.6523578768245 -6.7562856665027295 9.114263532149025 0.12296141169770076 0.22982739522953022 12.915120615022905 11.906579903621866 0.30122016269741286 0.5355844345087789
83 830 0.5275095275290554 0 298.3796404279349 -6.124259680158433 10.442457455484718 0.027809977686541233 0.00976157498175364 12.158209735748223 13.164731746398697 0.3488623810622373 0.4897500251613693
84 840 0.5264505192352807 0 297.58101998003985 -5.751256935164534 8.936770681164122 0.05696372310819067 0.013463886953196627 14.163201815574014 11.612597917226172 0.4237115504127263 0.6463847336659005
85 850 0.5199639454738524 0 298.0523316381097 -4.8233152856552675 10.26974130213445 0.02031929668369911 0.10101776913262936 13.143400631245036 13.593683315108644 0.3512483299831986 0.6563360754062251
86 860 0.4682983936558253 0 297.7258971665858 -5.256537343676419 10.110822553837263 0.02669334155306297 0.002632702246419474 13.413943433343936 12.534967063536296 0.35292306549891594 0.5729294111298346
87 870 0.4563946994673348 0 298.3662977256035 -5.606672238618529 9.089631391348572 0.09685718650170885 0.05058357874609398 13.661740048238858 12.267277868924104 0.3486757839869939 0.5413668249671308
88 880 0.422734475861149 0 297.7146724675539 -5.804727161224798 9.489581429937521 0.09919089151541259 0.0053164126911770275 13.179124536565507 11.469851589444438 0.3590791549781003 0.6287142879559651
89 890 0.4062471392076263 0 297.79204152078285 -4.898200763276997 10.004150700946104 0.0760328776079963 0.0009076044834504073 11.908934563807716 13.524892984331808 0.32535507460789787 0.5904282039920589
90 900 0.3617789702462487 0 297.30908811107486 -6.135367994715678 8.668328383309143 0.06025968162144261 0.007063545903494685 13.9640880430699 11.825514419710688 0.3377975990715868 0.6716964125975624
91 910 0.33193379955688007 0 297.9461436224491 -6.5577942431156675 8.442777080573892 0.06186086596299964 0.10982712830506439 14.829995243689421 11.451389854307916 0.39742244564276874 0.6803427969908451
92 920 0.28111108849623456 0 297.30246080136925 -5.466632666082884 9.11223353580046 0.034735466998695314 0.0026570128414468673 13.610871502866045 12.351748373942188 0.3860580477587312 0.691840353667898
93 930 0.2553183590867544 0 297.25129186040857 -6.126491899579621 9.13980543374662 0.06492818522442637 0.011595443223686516 12.883228617804207 12.229374153944677 0.32501657374470555 0.6333976653935691
94 940 0.23983800952438927 0 297.3390535112494 -6.663006271487461 8.741445253924455 0.07619246409509242 0.03625727510512663 13.497298173488698 11.821241534780073 0.3421555757428344 0.69243745917527
95 950 0.20607956088650645 0 297.18007934239137 -5.777661828579179 9.29045045648991 0.04790618011901449 0.01235449223606263 12.954253861298042 12.740208501684647 0.33731854628962876 0.6486602313463792
96 960 0.20537546459908346 0 297.16292997740385 -5.5968292639421415 9.074121031324687 0.042944107015501415 0.01716272781034836 12.54431456150222 12.29402943459276 0.36485187390237855 0.6317441903335368
97 970 0.19352560184357717 0 297.16204925584464 -5.4323825706663875 9.439077420886292 0.04290636939075642 0.006896243240465928 12.556423168607465 12.665421979108256 0.36020437897410446 0.6568995485730107
98 980 0.17813376318132204 0 297.245071055452 -5.440782206996726 9.286668671239077 0.06266187738265025 0.003480776942605699 12.467026177955354 12.388089760917163 0.37155428989288186 0.623077662975119
99 990 0.16492009565909527 0 297.16565295762547 -5.827259196447521 8.939636519208936 0.05365490036036851 0.01398174756482013 12.77892140011727 12.196066904110685 0.3468265807154119 0.6509602600996764
100 1000 0.15152910289125002 0 297.1114504060969 -5.872956982693792 9.354977560379181 0.052761040752821904 0.008488440969227143 12.324619284883614 12.387384190182226 0.3552183298715537 0.6470587024226107
101 1010 0.15103961363767374 0 297.1738065760285 -5.733896514907592 9.005491243245238 0.04170093569333441 0.014543499032348115 12.73099032211594 12.409207570372223 0.37381610472999277 0.6184885111407812
102 1020 0.14851762893100287 0 297.22377274352044 -5.8073886440696745 9.327489631963232 0.03529140640998666 0.0162633113535318 12.238637730793299 12.610238358746276 0.37338408078654955 0.6328900617094962
103 1030 0.15487072156336917 0 297.12423107751675 -6.176286676489215 8.974320107278082 0.053080781740414654 0.01120733505246468 12.732499590355362 12.3817775143544 0.3802167584020642 0.6274875777465768
104 1040 0.13896063925126328 0 297.14546023543755 -5.856419490815164 9.071179897599778 0.038827595616777386 0.010066997181655836 12.724308868004975 12.372646253416777 0.3758023987969465 0.6284681267147488
105 1050 0.13230318564464344 0 297.151401358697 -6.244234462417377 8.991251796460654 0.046483116408600325 0.022018961723744707 12.80326892613105 12.279367739347794 0.3643749183447269 0.6386225921602757
106 1060 0.12847041703233528 0 297.0953058699584 -6.307693348356679 8.888479313039023 0.0554239065168439 0.008244178478085626 13.24892750085508 12.289655187828854 0.3652633082131658 0.6493020895944327
107 1070 0.11276662775326061 0 297.1224544037048 -6.1701200109258885 9.05663419168073 0.047696570488684455 0.018680705966585387 12.702673937246091 12.306175911541624 0.3651431734336776 0.6361633205650884
108 1080 0.11225185337200709 0 297.0914995940993 -6.070296150740878 9.194707233449224 0.050254821154681294 0.0010323106227011368 12.82433155205516 12.589983865973286 0.3606698910052037 0.6398550112980387
109 1090 0.1124342054286249 0 297.09509147704887 -6.328205256683305 9.007321472891931 0.05122717373458889 0.015590554670788185 13.140551688024894 12.375844125217991 0.36984779176860016 0.6434922299263226
110 1100 0.1085255882930296 0 297.09311918976147 -6.123839918852685 9.148753061072329 0.04431049200786365 0.004174237953678775 12.989901822660027 12.49505576614548 0.3739179029369599 0.6484908586870473
111 1110 0.11402784047266558 0 297.0703647505598 -5.975761144890532 9.405150351084325 0.045275516330223545 0.00015335633305608152 12.994069281141524 12.629889975101186 0.37302132153449225 0.6419381070800099
112 1120 0.11636303877827313 0 297.0877725019405 -6.357601901602473 8.975245954180147 0.06112152621912037 0.0008237518538964559 13.10772213347917 12.183942139357697 0.36151152851567875 0.642258810813377
113 1130 0.1239261805352842 0 297.0810405035529 -6.191806511647913 8.967930740836755 0.053255125327975196 0.0001676198990348052 13.423377989150454 12.24667089765367 0.3716899056294228 0.6599016383976886
114 1140 0.12050174926274318 0 297.08583298889226 -6.329712970213551 8.904690509676044 0.05074885731806241 0.00015327766824710896 13.282000448054298 12.231235496691411 0.37146299266028 0.6469750177130267
115 1150 0.1125897985697124 0 297.07698800274864 -6.189918231692811 9.177324657639167 0.04845885689804883 0.0007366498021118862 13.512936201155986 12.643834703197957 0.3706824058305921 0.65886526052771
116 1160 0.10589703696417178 0 297.069230088587 -6.2711165007138066 9.156536877160958 0.057811712923863015 3.3410563828227003e-06 13.246766016329676 12.46116963607622 0.3603380573197655 0.6507446630991391
117 1170 0.10396595316885991 0 297.05552912874134 -6.254159308190131 9.28369389236126 0.049150272511799556 0.00034029063192819004 13.516866777042937 12.479721416322448 0.37903979495105267 0.6479626041133202
118 1180 0.0940945393672221 0 297.0509418465647 -6.1670238910971475 9.162340133653823 0.05283255898827376 0.0001365713085483035 13.327193631067956 12.3707148248876 0.36718475900270237 0.6562323597603172
119 1190 0.09283161809212516 0 297.0285477190696 -6.18044768241141 9.325995802792974 0.048783763355158015 0.0038153655755742972 13.29255525971868 12.36380566481659 0.37390903391936536 0.6475919586707429
120 1200 0.0988623851008768 0 297.0374095400798 -6.164852478057598 9.374008989290735 0.043605269150589356 0.0011000207317353804 13.050825761966317 12.34499513890688 0.37020413497408 0.63447447043756
121 1210 0.10337928955662824 0 297.0335389561932 -6.239079426909631 9.223278436009833 0.05664606218692592 0.001483650852482011 13.278812784118847 12.220265694309289 0.36733861299517595 0.6537593611086019
122 1220 0.09784355445201949 0 297.0270692268574 -6.291699607188202 9.211188287308994 0.052441030625802396 0.0008123305475903644 13.350224829706054 12.25170963140845 0.37030461972912354 0.6470385114225142
123 1230 0.10412094941973254 0 297.01608641031913 -6.236169707921887 9.415963524169214 0.04928772033147789 0.005070067431187872 13.323206203872745 12.286883280180339 0.37645118857470067 0.6500814978964572
124 1240 0.10322543780546116 0 297.0168977491195 -6.129129273319661 9.504254499280373 0.044951349832618635 0.006466274428675436 13.17671294547464 12.359982623755009 0.37025081751972394 0.6445216754519191
125 1250 0.09938730523311323 0 297.0167335729691 -6.24788155303749 9.247237233986906 0.04890894057072102 0.000528608827085425 13.314025167254393 12.127928639116085 0.3620915465967692 0.6537835836576582
126 1260 0.09579229217229743 0 297.0083199760214 -6.2436963919528 9.428937054951406 0.0475506018209892 7.133383744061191e-05 13.242373296970209 12.24634566623558 0.3660656201066455 0.6629123885197193
127 1270 0.10114085203496659 0 297.0162098210666 -6.378998838058343 9.291744118343278 0.047753047581708265 0.000502116150254253 13.182206744072321 12.050924563991966 0.36667327433774055 0.661948338857656
128 1280 0.11411781787102178 0 296.9788114655644 -6.2870690828407145 9.493691623244604 0.04699516618512645 4.52775501125222e-06 13.430194680205497 12.105030403759846 0.37628150298878277 0.6544474996511761
129 1290 0.12684994983310363 0 296.9776810548725 -6.154141294926136 9.442382965935966 0.0428831692269957 1.775181235389013e-05 13.403912324187614 11.887959146797575 0.3773724291274725 0.6704947021801453
130 1300 0.13702125827595552 0 296.9720458654914 -6.195297518827357 9.716766802299734 0.0462757296063755 3.250315188123308e-05 13.033993590593798 12.082773446570238 0.3723710946437675 0.6470493418805391
131 1310 0.16922493188123722 0 296.96297653405475 -6.347305832018423 9.701254640599418 0.048018736476315244 0.012608816818875589 13.042166516428628 11.741883306240469 0.3748347891964388 0.646490185466054
132 1320 0.17533128652040395 0 296.9492545196615 -6.295011576819348 9.488891254124296 0.04126381008306208 0.0015837295884349547 13.48073561599762 11.722945609642272 0.38184083771830807 0.6539222696609068
133 1330 0.17238402842793493 0 296.9334625942834 -6.532978307504314 9.595970406384806 0.0500499303619381 0.0011202489184411165 13.522551308401548 11.504716498682406 0.3860547486637404 0.6581179258796136
134 1340 0.1587112324025972 0 296.95121229086374 -6.245259234354146 9.70464969594228 0.040889016406025255 2.2437442009890547e-05 13.295330968727418 11.862210840676015 0.38365730725251385 0.6398982334715979
135 1350 0.1398582509289454 0 296.95876855758746 -6.296027293252204 9.842330437295114 0.04378823931230446 0.0006378847992363914 13.280855017571456 11.952097716765874 0.3814835962909326 0.6435105598826907
136 1360 0.1286541121237883 0 296.93429393674694 -6.233904389114873 9.697562926060414 0.04417675499006898 8.005667205536312e-06 12.814180062051399 11.676921944920657 0.37898256183220963 0.6360669693090713
137 1370 0.12199503168900164 0 296.9322587793669 -6.227473640969824 9.53643669979591 0.04305141560781116 0.0016799092778764994 13.259806310988976 11.641148569599599 0.38021938770949004 0.6569285292710624
138 1380 0.13493801138548578 0 296.9078484406544 -6.376202687142754 9.523904877740751 0.04929178464365228 0.0007248037934105597 13.40208119959419 11.414821730797023 0.38118900287595336 0.6548637132561052
139 1390 0.16209706136681187 0 296.85994046823583 -6.110491853520531 9.858140707231128 0.03689014531669938 4.0852484691569135e-05 13.190747803268604 11.100119343804716 0.3912850301369416 0.6527066742005924
140 1400 0.18687958112656355 0 296.85039291947555 -6.160711771164088 9.55589107286549 0.046375226749312666 0.001366244930939082 12.869034325725798 10.872357428326254 0.3907114791746155 0.6347417926516484
141 1410 0.20777852303015099 0 296.8690487351987 -6.195649646329292 10.05606140818713 0.04770406946365094 7.604113783971412e-05 13.244242948141602 10.987825059961361 0.3953350984836311 0.6536986063624723
142 1420 0.22018084201021346 0 296.8357776132343 -6.088889860319931 10.001398758297002 0.04439511538209415 9.352590755513513e-05 13.176992094847094 10.862614112727005 0.3965441022116987 0.6416011093683488
143 1430 0.23004916073260712 0 296.81506610705617 -6.162290306559254 10.024263564654534 0.035247126457851594 0.0007240457347456906 13.451407468539522 10.603568008647319 0.39325019026606417 0.6571610559772514
144 1440 0.23873259479218015 0 296.78808702640936 -6.245206466095599 9.896848901818931 0.04008503218393853 0.00010394292060808586 13.147841242990793 10.40527372153914 0.3931792551143879 0.6377749847680189
145 1450 0.23619147403442986 0 296.7741130100535 -5.781863810470262 10.146437792227985 0.034946830838243785 0.0044482979042256765 12.50320480967357 10.376489874621857 0.39674445074110565 0.6328866194013207
146 1460 0.23409037382812167 0 296.7566183899979 -6.216365196184559 10.057822477536288 0.046170206884992765 0.00018666249077856987 13.175332406533471 10.194439913527564 0.3935278642157505 0.6531239317338605
147 1470 0.2560251258238672 0 296.7653584083237 -6.453847553768816 9.847031765271195 0.052651751895490435 0.001359689059624575 12.73753180337599 9.933646752536252 0.4017200926986053 0.6311866758840797
148 1480 0.27621130854508885 0 296.70012601564906 -6.470504276892162 10.024875875003817 0.043217199377027 0.005104624612497687 13.163020890063423 9.001703849999581 0.42580365605989606 0.636100369911444
149 1490 0.3078331466101614 0 296.69158356581045 -6.251011875429078 9.792679954461992 0.04339787022667932 0.0011043799433697384 12.529973779513842 9.27686852736106 0.4249784875450119 0.6204799161814358
150 1500 0.3603081249937842 0 296.54365861768594 -5.855174248754493 10.41865374240691 0.027183859066508626 0.003256121716822606 12.21315422176569 8.052059675133409 0.4575884191352819 0.6138362971226511
151 1510 0.38844773268441113 0 296.4221464437392 -5.992392186303189 10.525636862589106 0.037645971290467116 0.0006395277823862232 12.062667782573635 7.638992973016524 0.4467238978999884 0.598822510290167
152 1520 0.44966980579821625 0 296.2488871058963 -6.1208483736400945 10.523119749027272 0.031645289622126815 0.00617046977740734 12.3638347455842 6.116016484624522 0.46303263745914053 0.6249589561368413
153 1530 0.5445071279378805 0 295.8802349764145 -5.522143891465087 10.843725882165495 0.023355179440507624 0.00012509783197734738 11.441694621294687 4.890644309265993 0.4956518988342905 0.6154900697041512
154 1540 0.6863253846403898 0 295.5391709394105 -5.979548997963325 11.252055229373473 0.014676155694718597 0.027542383071311554 10.600056123157 2.2116495457035157 0.5147518708728203 0.5893725044424605
155 1550 0.8575763979870495 0 295.05700196447685 -5.65777618864838 12.276636788269958 0.007749598447098923 0.033516481152052975 9.272491990785134 1.8649582476575026 0.5000870980363767 0.5933819454591324
156 1560 1.0094792699310886 0 295.2880659341639 -6.629180621079376 12.394519273238187 0.015892216910290014 0.01113624833980847 8.20769265786626 1.8394550982904339 0.5410422487543651 0.5158222084614932
157 1570 0.9036274893422798 0 296.026891115046 -5.969990596797116 12.63860158401605 0.016393758395652474 0.006273723682270542 11.299376370930304 5.050821567906302 0.4833695872518085 0.6174506019410699
158 1580 0.8359393581223792 0 295.3315317748397 -6.290279101705822 11.333949827790466 0.06122476772130513 0.0014807642967738593 10.081242673581212 2.910064134876042 0.49450144789418504 0.5939902941326161
159 1590 0.7812464922283001 0 295.3492786502918 -6.172961998127582 12.603481469700663 0.026748769660521417 0.0006642718211192282 10.68804214328787 3.033565905189253 0.508594668921847 0.6081456126534359
160 1600 0.8118501401010906 0 294.92170211250647 -6.051451768659839 12.82447662152244 0.011046988125812349 0.00914033127815726 8.917896321333615 1.4235298434607089 0.556916235932375 0.5558540850595483
161 1610 0.8818154879501965 0 294.8693249650901 -5.717660849059127 14.391982621543734 0.002215709228161024 0.0010598900001435596 9.448946625771423 1.4693523058463172 0.5174166109205324 0.5481114511779629
162 1620 0.8639838166936086 0 295.21616883839545 -6.298191541877153 13.247781876650869 0.01906271614832501 0.0015894481456592271 10.780324892059374 2.3229369881991477 0.48669383916030184 0.5755641408980801
163 1630 0.8883486543730038 0 295.0565638632502 -4.560535826962855 13.52419133513824 0.0026331470868103854 0.02567748484332241 9.746326556357637 1.3032938108596441 0.4945131946729217 0.6184642690256412
164 1640 0.9327972494205323 0 295.3617214098617 -3.7281069582259887 14.298287519584894 0.001685346862393927 0.058253334955930706 8.457541052554937 2.005678194204224 0.4819973566679078 0.5973952223057238
165 1650 0.8342047525652423 0 294.79866540272434 -4.909644747182364 14.939491900069735 0.006402220837771614 0.002452822842667487 8.917488405437842 1.0946088951274762 0.4731648512159757 0.6056871622300624
166 1660 0.76728035567418 0 294.8353727115012 -4.009311740357249 14.27618164027511 0.026184141548751563 0.017183736583049485 8.766082288871718 1.7494317827212742 0.4602853344868591 0.6047240049285356
167 1670 0.742810504466149 0 294.5298297184564 -4.738734078156656 12.558828457202614 0.029209178415993433 0.018057186500243943 8.888386916865583 1.4526067242892533 0.4728012486234415 0.5942815729131179
168 1680 0.7366529574669356 0 294.2643040138326 -4.637811863437568 12.958523183829708 0.012131714782695995 0.008923035864074417 8.559871166892512 1.2950602142983914 0.5234552328075083 0.53871131348272
169 1690 0.6488619898681827 0 294.244666071185 -4.321300516863487 13.396880969668443 0.008845206994927626 0.0023496300481767704 8.260315767030942 1.0482207469576856 0.47269610502242837 0.5311729221093958
170 1700 0.6406355616971893 0 294.6792237317403 -4.069807127449206 13.476666736272282 0.004882707690609892 0.03474008212092151 8.306545916678617 1.7251998505898463 0.5242717734584602 0.5389354539934442
171 1710 0.565387002727942 0 294.6897050200477 -3.9961395685577448 13.743986998147921 0.00714075665969356 0.00022781029096952 7.001523939066296 1.0686725700984692 0.5340116831380085 0.5101353446721818
172 1720 0.511065770057805 0 294.1628325378707 -4.778193739625548 13.491317114405689 0.010453381073198023 0.003999949478093472 8.240948268472275 1.0525218030064805 0.5225359259176434 0.523651886305842
173 1730 0.48437797041861663 0 294.1920326675238 -4.940599623303497 13.631141542520718 0.011431992841308462 0.0006664122341330294 8.412435244915388 1.028135824057435 0.5112283296974436 0.5178910492901068
174 1740 0.46753145013145325 0 294.19838887731237 -4.682264701833328 13.834557541929266 5.460120739609821e-05 0.0002570298520861458 8.312783097485394 1.0007802319489694 0.522162394954163 0.5425474455587177
175 1750 0.43257046798567217 0 294.305898650382 -4.817426772181624 13.467534893932834 0.0030226745988486173 0.014357953305785761 8.129725568951633 1.1178451332030224 0.5315977698473341 0.5361390706948244
176 1760 0.40446868316369416 0 294.34438290491875 -5.2253974231709295 13.288324822548912 0.0077328506500981735 0.005004422739459219 8.83228228415648 1.0285393160406018 0.5209438009641846 0.5647201249765421
177 1770 0.3653905432030985 0 294.2512329368628 -4.385767019235581 13.806324476955874 0.003177021076476968 0.0010967024840430953 8.18581926536805 1.0007795163709952 0.5367862513912742 0.5382554609095985
178 1780 0.3287698682965876 0 294.21661686942235 -4.630135959321279 13.689357284790482 0.008122503086947536 0.011282018930173892 7.71430031649335 1.0063927587594783 0.5080234951894536 0.5323028710236989
179 1790 0.30939461306286664 0 294.2711299305504 -4.511652159014611 14.060992669412581 0.010283050997155341 0.01418812977729966 7.97446804368518 1.077643125114816 0.5019988637903462 0.5459708133294042
180 1800 0.30185225262135645 0 294.12765069384466 -4.660243089725394 13.622672851938784 0.010417404777504505 0.009877785686003612 7.990623793839578 1.0065976638766276 0.5094062995307465 0.5265104533575939
181 1810 0.2823491233496618 0 294.1665986390791 -4.757109507179068 13.336183349040116 0.01084762122989464 0.0068145743088986795 8.420242381878406 1.1146552512308219 0.5165553177126703 0.5446004641639907
182 1820 0.28636428819839344 0 294.1479162701203 -4.89324451109166 13.026662933728238 0.012534711764569741 0.0019277004318167632 8.458428330126242 1.0856500348226417 0.49339638046254314 0.556994964287019
183 1830 0.2907919272711 0 294.13556662152496 -4.668317763029471 13.094809608550133 0.011113737728498186 0.004029154705552867 8.319223618318182 1.0222875048477014 0.4867863651207996 0.5587190656722186
184 1840 0.2740176644317613 0 294.1348855027468 -4.478368571879661 13.660650589877678 0.007069193341406843 0.00171979142224036 8.288073397850443 1.0638122454336303 0.49558093478517845 0.55580535922902
185 1850 0.2664736131780173 0 294.1058812837286 -4.647812473451284 13.210584699306747 0.01219751219409818 0.00013335535243543512 8.469113699105879 1.0039312001460088 0.49493454549743404 0.5608327619331246
186 1860 0.25015005057222783 0 294.07367713566424 -4.489800106534074 13.224690305809547 0.013901992166973293 0.001666416369582189 8.263892032805341 1.0701374046861345 0.49893682125032285 0.551446172788573
187 1870 0.2683759564264624 0 294.07031414282494 -4.228677426497865 13.505799949019803 0.013093032853119387 0.0009565694094896348 8.064865261180985 1.0082057712796382 0.48862558656919897 0.5529140314401279
188 1880 0.26230756020161644 0 294.0883776076687 -4.31337253018912 13.747630793496175 0.011469170612976856 0.000978834250420253 8.12567332784273 1.0067886774598092 0.49147959507402567 0.5502262779783441
189 1890 0.2579995544164367 0 294.09753941527737 -4.3719875154547685 13.729808255439252 0.012153524819070945 0.000902422887856433 7.961016196732333 1.0206508986089964 0.4969647795829293 0.5475678540941765
190 1900 0.268587454773675 0 294.107085458828 -4.213148429760247 13.595950651097466 0.010928515620922272 8.38281187160908e-06 7.792322178056327 1.0160182399493487 0.5113452585349753 0.5318201853981684
191 1910 0.24793903515179555 0 294.0837522721866 -4.2503701585839035 13.639092620570391 0.012815457623271848 0.0003236617643933044 8.145585165023034 1.0407923859524641 0.49857874789473877 0.5463239974913114
192 1920 0.22983153137036572 0 294.0984673132854 -4.340841362665329 13.307677906872637 0.013065800708846262 0.00026073228280499737 8.272692194565389 1.1003410757597787 0.5074814933956807 0.540205664574111
193 1930 0.2363840697506755 0 294.0436917979849 -4.3751615337555485 13.224175370024966 0.015032948206932488 0.0002517850304667445 8.057340874503812 1.0069262487795532 0.4970151734726014 0.5287417788045625
194 1940 0.2261264647362715 0 294.047662311385 -4.5057317869082185 13.213169733800482 0.015821879170751105 4.4816684028854764e-05 8.251103600810715 1.0019475466312162 0.492227814379288 0.5397762402817645
195 1950 0.21999769101201305 0 294.05028110242347 -4.558711637036213 13.411799898048294 0.014440413124408446 0.00013645359311856932 8.01265250838751 1.0075299347029145 0.5019246370654759 0.5289385611249096
196 1960 0.2091908268190086 0 294.0604586946599 -4.293864044560517 13.329305197232982 0.01824873257512698 0.0009462556568552363 7.978475196494391 1.003862357707692 0.4989096585788375 0.5240404211659473
197 1970 0.1779338913444788 0 294.04799195078374 -4.389758638353901 13.473883416104488 0.01379606254367197 4.8577911833069383e-05 8.13260429419143 1.0000330651783618 0.5030775853670084 0.535235628567484
198 1980 0.16511210260238446 0 294.061085286335 -4.423073131779702 13.411302585429105 0.017496521116494454 0.0016076220060561052 8.193533098771532 1.00294912085307 0.49621355261467737 0.5309259998569166
199 1990 0.15947702501389238 0 294.0584353814744 -4.317874775442315 13.265232647294598 0.0148604103349679 0.0009216727914144959 8.19590320146473 1.0001874195178841 0.49750192393043274 0.5312988977612404
200 2000 0.16143285914424468 0 294.0526383226672 -4.1721512201480335 13.333989560189709 0.01578848084194996 0.002413054559945811 8.092566329296009 1.0016488097829301 0.49720756267181654 0.5366374466117021
201 2010 0.16971263604967704 0 294.0391399848212 -4.23994693616045 13.211395402338487 0.016753841151068764 8.820049622478541e-05 8.092815289802994 1.0003463335158265 0.49330567422966737 0.5389520629513569
202 2020 0.16749480321865556 0 294.042744733371 -4.263474050853094 13.249377086187813 0.01490379527073304 5.8741799473563156e-05 8.03716914066411 1.0256394277034093 0.5015821751606866 0.5382188360737048
203 2030 0.16927808847775908 0 294.0518799499443 -4.209635928289401 13.326030350113765 0.013644727572562085 0.0020629267130539133 7.921814729180225 1.0159684396955153 0.5010315656300479 0.5350384961298015
204 2040 0.17414687065050935 0 294.03328832851696 -4.560795909783782 12.926366437403901 0.01593979650365475 0.0006412924059996066 8.080488658350049 1.0133889458527745 0.5081742381408328 0.5331655459022132
205 2050 0.1831899941764716 0 294.04035243981696 -4.751726588827944 12.866985770231613 0.018011768251790634 0.0006396006819570685 8.08461879486905 1.0165796776906644 0.5090757596780165 0.5324067037779221
206 2060 0.17012084541690908 0 294.0395798103539 -4.369310674370009 13.0288583544046 0.020931018413471086 0.003613027317643902 8.007399944283874 1.0045034606058558 0.5024365540706752 0.5326712860434764
207 2070 0.15095707966578872 0 294.02851064523463 -4.586087896542403 13.00092917311561 0.01817660953754561 1.2569280064736211e-05 8.147842902834572 1.007513546547464 0.5009842302031855 0.5340959446531971
208 2080 0.13486384569304133 0 294.02721614451787 -4.446350012319853 13.038413816590513 0.020131345804923633 0.0006973301954364466 7.922983318263546 1.001753853087436 0.49823244452198817 0.5338634867357862
209 2090 0.12195948117960474 0 294.0246213745844 -4.404634470444188 13.104815006244024 0.019186342003621192 0.00044461754516109055 8.078413547228951 1.000050569964323 0.4977324695738735 0.5371932510181632
210 2100 0.10924956801482126 0 294.019967537728 -4.460319757401292 13.00343914399195 0.016923759897950152 0.00024272671914393287 8.04032291524311 1.0002902712680328 0.5014040531249782 0.5363349226294442
211 2110 0.0995465064525154 0 294.02258148909084 -4.5393119452844966 12.907579948351492 0.017894039618966125 9.893612370880504e-06 8.025844255329078 1.0007158179554043 0.5010908988576586 0.5330020485220298
212 2120 0.09294090717845802 0 294.01999919924276 -4.487481799358251 13.032108338953817 0.01645502877027971 0.00021802890915341167 8.045338036915599 1.0007825831480346 0.5038356939058747 0.5367812791103521
213 2130 0.08612976450844763 0 294.02066876306765 -4.534307677567867 12.991764072731872 0.016214866138879243 9.656022531659909e-05 8.082501524847405 1.0007640944970717 0.5009096530602715 0.537856184619506
214 2140 0.07972258873010209 0 294.0190959739828 -4.4628706415418895 13.066442720286545 0.01646679771281235 0.00021084769814059702 8.024615260756356 1.000642985705257 0.5012994445051412 0.5383638534028151
215 2150 0.07782855644374048 0 294.01960587668515 -4.528745141294017 13.039105605866716 0.017052411360799782 2.405036726422897e-05 8.04863104818127 1.002718451982688 0.5017030298931349 0.5364137095539665
216 2160 0.07425272902479618 0 294.01919913055156 -4.50071675525716 13.086636731083393 0.017203369804342342 3.6819469905480386e-05 8.054407067576795 1.0000000631601598 0.5002741487106402 0.5359503263702474
217 2170 0.06676451422673652 0 294.018886224735 -4.4760089240593155 13.087557342208788 0.018142529496394087 4.569788278065998e-06 8.047102813302715 1.00004104452879 0.4999141622133074 0.5369274518165302
218 2180 0.06316335134090474 0 294.01893060581483 -4.523577064028555 13.053080629701771 0.017717174824727375 9.066888634413465e-05 8.059824036288797 1.000926764548188 0.5019026110490753 0.5368862971066363
219 2190 0.06449849564988194 0 294.01814377591745 -4.519949189715786 13.035729779807232 0.019375165542806695 4.7839731382594445e-06 8.045019904555481 1.0000292295465536 0.49916437049433054 0.5392100455570702
220 2200 0.05681452427058298 0 294.0182389637308 -4.505504133295785 13.061009759409327 0.018505737717446808 1.2042438432846414e-05 8.037435837644518 1.0000937793342604 0.5009803741427721 0.5373463608232462
221 2210 0.04764057239922911 0 294.0187215913527 -4.534555227520869 13.001873441865577 0.01825557270530718 0.00015986336842362147 8.029735906955892 1.0004521039693448 0.5022912264750747 0.5366906598606546
222 2220 0.044014245119510124 0 294.0181801474298 -4.479762526849071 13.048940835648656 0.018142610374210742 2.7966953203111555e-05 8.033335297792267 1.000003052315351 0.5009102889546045 0.5400702737650329
223 2230 0.03933479886359236 0 294.0178556889016 -4.517388276884126 13.014094013040642 0.017918317305322343 5.5458215148356355e-06 8.050217847833181 1.0000109020357673 0.5013512269616174 0.5394987604874861
224 2240 0.034183221912640144 0 294.0177737187754 -4.4950968051435245 13.043161851176002 0.017950680332357232 8.514417586270138e-07 8.027394804513593 1.0000251219936316 0.5002723467220815 0.5392368785290884
225 2250 0.02992418490062432 0 294.0177277297401 -4.516452970679312 13.02878692432759 0.017760504758843845 5.994827868403123e-06 8.034806756730463 1.0000072405581084 0.5011324307600057 0.5378523179219992
226 2260 0.02721454064369744 0 294.0178228934359 -4.499684636864292 13.039328137126624 0.017808086140378078 3.9162913449119377e-07 8.02313178382706 1.0000205884116307 0.5012783964177263 0.5383879037065071
227 2270 0.023621194907749603 0 294.01765555764575 -4.511709312776112 13.032492905765567 0.017901470984258462 1.4832005404279182e-07 8.034447816404723 1.0000193053683015 0.5007431758919598 0.5385368553458769
228 2280 0.02079507369293464 0 294.01770070215844 -4.510498699370553 13.043208631941289 0.01827083268032247 4.793099461509903e-06 8.03639523693416 1.0000043360553446 0.500112874755851 0.5392532000950276
229 2290 0.018574959337478898 0 294.0176892706007 -4.503802290315664 13.042846786102121 0.01812546712506531 2.2883193582884876e-07 8.040629980868456 1.0000260039297821 0.500326685449562 0.539093274236313
230 2300 0.01751052710042082 0 294.01772214264247 -4.497830742996529 13.044912227805272 0.017827235962663744 2.9018360836512988e-08 8.040422829646584 1.0000006611601424 0.5001368704561249 0.5395504687853446
231 2310 0.01648613158924873 0 294.01767648814996 -4.513132820801817 13.035426684435768 0.018002767981868825 3.3273277320919045e-07 8.036039422230386 1.00000038421181 0.5004633416571909 0.5394065603830547
232 2320 0.016402524527732606 0 294.01767130916244 -4.528532819327375 13.025003710774135 0.0181457782509511 1.3631532714629977e-06 8.03852944691306 1.0000009400589143 0.5009244811883342 0.5381889435079039
233 2330 0.014848323841683527 0 294.0176665038079 -4.511569044907599 13.047909433238805 0.017984747487639747 4.858514105766308e-07 8.047135175256683 1.000005761433598 0.5004538398268191 0.538982290748106
234 2340 0.013849180522987583 0 294.01766971165665 -4.509839066315947 13.044875971457047 0.018140162141615044 2.3434830521640563e-06 8.039625318565822 1.0000044035321494 0.5000327996578264 0.5389284350566094
235 2350 0.012039141382121856 0 294.0176380604861 -4.519890527107195 13.039819091708535 0.017934400873123823 7.15094912971167e-08 8.044187590963952 1.0000016477189846 0.5004649424761122 0.5391718895894001
236 2360 0.01099548065803689 0 294.0176494110077 -4.5258501466681995 13.035498890353297 0.018252308240072703 9.249859927551408e-08 8.047192318653032 1.0000009912087604 0.500267389868602 0.5389643588869556
237 2370 0.01004598034452597 0 294.0176509160868 -4.524414813764027 13.03914012082954 0.017965866284471308 1.1827767736108501e-06 8.042673400561458 1.0000413571082953 0.500609733534383 0.5386252223870978
238 2380 0.009135834151772852 0 294.0176321699896 -4.51924402802832 13.043290310400618 0.01794404051593863 2.4477136625836728e-09 8.042711566727856 1.0000054634295474 0.5005156974220215 0.5388882045531663
239 2390 0.008861219046175957 0 294.0176410223777 -4.513082164154863 13.04025912541169 0.018006743971044188 1.313461289543695e-08 8.043877639525155 1.0000000857282327 0.5003752095811558 0.5391872054870632
240 2400 0.008336505365754423 0 294.01763353478657 -4.520045825940865 13.040152889699733 0.017924759417469252 2.2825612884421586e-07 8.04386234061084 1.0000058140684214 0.5006495341552007 0.5386501764410184
241 2410 0.007249717945578638 0 294.0176321175363 -4.520217492602975 13.040426894503028 0.01796045629268823 4.239989318420277e-07 8.041147863442161 1.0000124423885044 0.5006003502444704 0.5387523513550388
242 2420 0.007019215951441349 0 294.0176258526575 -4.519938633087773 13.035944843636324 0.018033151284349267 4.185654041532864e-07 8.040720837983402 1.0000010181471914 0.5004230852759637 0.5388686457650199
243 2430 0.006362266336949644 0 294.0176262717961 -4.521467713919988 13.036537694101016 0.018032704189408562 1.6958803400822358e-09 8.040963112826736 1.0000060052068434 0.5005225734375319 0.538685237261851
244 2440 0.006434768607564091 0 294.0176247749386 -4.519678000697412 13.03436101488743 0.018031642947061912 2.6178831520316614e-07 8.042293631079062 1.000001911685495 0.5005464616804517 0.5387180626637266
245 2450 0.006482143893758737 0 294.0176268351243 -4.517884751684669 13.039717032185997 0.018030111037885807 2.8963133641339963e-07 8.042666973171164 1.0000010015649206 0.5004742943213681 0.5389102220583396
246 2460 0.00560304343569764 0 294.01762405707177 -4.521426048078427 13.036426568701168 0.018077578487197803 3.0787058712007296e-09 8.040938552069532 1.0000003735861263 0.5005185078554077 0.5387350115535449
247 2470 0.0048950836608381045 0 294.0176256001809 -4.519557618751517 13.039736521306622 0.018014285748983158 9.46829332967235e-08 8.040771025404165 1.0000006599652844 0.500473144962045 0.5387231855454125
248 2480 0.00445170455358258 0 294.0176255989437 -4.517958064925131 13.039246985022935 0.018037110260716763 1.6725653742652462e-07 8.03994373151823 1.0000000013309378 0.5004761822930511 0.5388315924718102
249 2490 0.004081206209344869 0 294.01762449705257 -4.520725047444927 13.03587328853854 0.018039503702324187 1.7047335031517576e-10 8.041873594941546 1.0000044834453283 0.5005590048778322 0.5387660096963838
250 2500 0.00372305829570376 0 294.0176241435966 -4.520712654232382 13.036911993106832 0.018030006111129163 5.149145983503516e-07 8.041548478404096 1.0000000263131805 0.5005376876111464 0.5386963831706801
251 2510 0.0032931552978693046 0 294.01762380794764 -4.519670988498041 13.037144994751088 0.01800226703483214 3.6403971471604568e-09 8.041074042402588 1.0000020730045476 0.500598547426279 0.5388047802328801
252 2520 0.0030466830638420225 0 294.01762295141447 -4.519255489854401 13.037251722477771 0.01800671931919457 1.6437034660258577e-07 8.042209671298759 1.0000000045236388 0.5005459586488128 0.5388090491276009
253 2530 0.002774424560328316 0 294.01762277466526 -4.5199961291293 13.036421455067758 0.017996814975950102 2.208126184014657e-08 8.041805931911075 1.000000866400444 0.5005649063201383 0.5388186836351461
254 2540 0.002607012332873216 0 294.0176226623353 -4.520321527499444 13.03646762178589 0.017997198935577854 3.1234138600231725e-09 8.041413757082175 1.0000006054744304 0.500546712771507 0.53874278785321
255 2550 0.002622208056047896 0 294.0176227490165 -4.520482435367535 13.035626303752359 0.01802235096760302 1.0013075802954998e-08 8.041820631639492 1.0000001193860315 0.5005922311082346 0.5387210172226264
256 2560 0.002447207572389898 0 294.0176222328107 -4.520239998401736 13.034729134556866 0.01802458573546063 2.2766896724455536e-09 8.041615707221029 1.0000001174382167 0.5005515853212286 0.5387787470568245
257 2570 0.0023504304831491215 0 294.01762247710633 -4.519877633317921 13.034584048672247 0.017999138926009576 3.979288999682189e-08 8.040658073667478 1.0000000533624214 0.5005892091404147 0.5387392668521989
258 2580 0.0021187649026175007 0 294.01762235197316 -4.519894637901812 13.034763590048861 0.018021246149768192 5.200085229506443e-08 8.041062626277611 1.0000000402218467 0.5005436848630763 0.5388042605944898
259 2590 0.0019244090907353784 0 294.0176221558401 -4.519586016045599 13.034811833918134 0.018017532737867405 3.4136746829047113e-09 8.040795492398832 1.000000010592227 0.5005546329879031 0.5387672321384224
260 2600 0.001703020867747455 0 294.01762221636955 -4.520005759168594 13.035310188602345 0.018014612365754135 3.394657959225955e-08 8.041578262737293 1.0000001496730906 0.5005455661170749 0.5387943719224112
261 2610 0.0014776222592227323 0 294.0176221665564 -4.519760689399396 13.03561220500553 0.018000638234569398 1.1149249592096046e-08 8.041177499450047 1.0000000039624737 0.5005582221769973 0.5387387854015825
262 2620 0.0013372159217384712 0 294.0176221634067 -4.5191178893827075 13.035917634874755 0.01799727278435126 3.619732544805286e-09 8.041514746373467 1.000000070631459 0.5005630305257078 0.5388006207396544
263 2630 0.001257652404373899 0 294.0176221766829 -4.51869126363622 13.03550403853849 0.018009340426648503 2.2179154310338616e-10 8.04090116215785 1.000000017817691 0.5005615532868445 0.5387629105181425
264 2640 0.0011893885570472354 0 294.01762219376917 -4.5191047239782876 13.035607511142109 0.018001926696243526 2.538031920563783e-08 8.040816610519872 1.0000000227790196 0.5005692885832032 0.5387475148812515
265 2650 0.0010464004011157561 0 294.01762208461764 -4.519159114558573 13.03601451480086 0.017998870881541222 3.265972879660613e-12 8.040922672618755 1.000000003397243 0.5005628651998949 0.5387653784747396
266 2660 0.0008693448950960056 0 294.01762209660643 -4.518995962286706 13.035890723614807 0.018008524714202938 2.2312063708298627e-09 8.041289097061053 1.000000010846476 0.5005491979875207 0.538765826765498
267 2670 0.0008372896187814812 0 294.01762206414696 -4.519155808361738 13.035801940890675 0.01800495224296843 1.0438222222656553e-08 8.04124434042129 1.0000000069999262 0.5005568004355592 0.5387683233588116
268 2680 0.0008325911420169949 0 294.0176220289262 -4.519436826151229 13.035989895972236 0.01801033592423668 2.024502297866241e-10 8.041173541225032 1.0000000058021943 0.5005517458089999 0.5387798953681807
269 2690 0.0007473118173095235 0 294.0176220200203 -4.519481913217629 13.035667661130935 0.018013735420328296 2.8494413301746474e-11 8.041165791974432 1.0000000046403115 0.5005550984574448 0.5387769496365681
270 2700 0.0006710246629037127 0 294.0176220419283 -4.519373687975471 13.035972270205502 0.018012843631167664 1.7321189655856305e-09 8.041140599770175 1.000000013981759 0.5005438809926267 0.5387725597079535
271 2710 0.0006123275995453039 0 294.01762202165224 -4.519640940710963 13.035629844995999 0.01801333145581392 2.5880105306457926e-10 8.04118702600148 1.0000000003537708 0.500558661470075 0.5387774075150968
272 2720 0.0006066041120861503 0 294.01762203722046 -4.519889600671621 13.035368397328673 0.01801387356246646 1.3555107702248372e-11 8.041171187382743 1.0000000150234685 0.5005578527947583 0.5387711852649972
273 2730 0.0005736702944868916 0 294.0176220310375 -4.519755129302952 13.035626266103446 0.01801040597992429 9.810227439456848e-10 8.041222343248227 1.0000000289428355 0.5005583359869308 0.5387770361453648
274 2740 0.0005226729328531638 0 294.0176220147607 -4.519499736100098 13.03583155517872 0.01800692096118349 3.53352237905163e-10 8.041162787731729 1.0000000022816864 0.5005554321467331 0.53877672508178
275 2750 0.00046562253158075403 0 294.0176220132474 -4.519521101063921 13.03559147809388 0.018011795600934254 5.355364833840834e-12 8.04124041947506 1.000000003237308 0.50055761514053 0.5387773766390251
