% # columns="iteration, evaluation, sigma, max axis length,  min axis length, all principle axes lengths  (sorted square roots of eigenvalues of C)", seed=462088, Wed Apr  8 22:26:20 2020
1 10 0.4619055457827823 1.0000437509570452 1.0 1.0 1.0000062500195313 1.0000125000781253 1.0000187501757822 1.0000250003125026 1.0000312504882864 1.0000375007031337 1.0000437509570452
2 20 0.4435664868813945 1.0798134319323356 0.8739327271643943 0.8739327271643943 0.9551496831079485 0.9699529657615695 0.9919449524894219 1.0042655023158336 1.011787113403849 1.0302343218838503 1.0798134319323356
3 30 0.45642338537375193 1.093319593822759 0.8925402271947731 0.8925402271947731 0.905247142132576 0.9157982287111985 0.9715252292664714 0.9989698716930299 1.0054113349101712 1.0351149230015548 1.093319593822759
4 40 0.4592609036559382 1.106656346586378 0.8751798570196482 0.8751798570196482 0.9049971428040265 0.9195423406656775 0.9536850478421439 0.9911152137906287 1.0137181476144728 1.0636143812961083 1.106656346586378
5 50 0.4857418249360135 1.1492882066057575 0.8440074655255535 0.8440074655255535 0.8558089874152268 0.9089267763905308 0.9557553664420907 0.9847871748875734 1.027339640698772 1.0612259160200952 1.1492882066057575
6 60 0.5189841880887417 1.1524375398086728 0.8122613999501094 0.8122613999501094 0.8363349944184116 0.8930661430535382 0.9480407083929663 0.9866376094923032 1.0266034020895616 1.0882005699897024 1.1524375398086728
7 70 0.5604937269047678 1.241605609284807 0.7802848670602764 0.7802848670602764 0.7895727465815259 0.8873615765451278 0.9397458341022051 0.984510872349064 1.022763958083258 1.0955257622319925 1.241605609284807
8 80 0.5059506227357847 1.2875999729027021 0.7670360321637292 0.7670360321637292 0.782132214550015 0.8786217202769097 0.9327446914324328 0.9922632903308634 1.0241385538235273 1.0896094609347258 1.2875999729027021
9 90 0.46161246381664933 1.325091675437125 0.7158434019084972 0.7158434019084972 0.7709678365652548 0.8367111285464138 0.9189660946498515 0.9865991354151153 1.0014232101463711 1.0889246493185565 1.325091675437125
10 100 0.42133007384055043 1.2860198186619411 0.6945891360399139 0.6945891360399139 0.7565726087445024 0.8263020019735369 0.9061065057901904 0.9617024419937658 1.0419975217381712 1.0778143839474261 1.2860198186619411
11 110 0.38193735578906957 1.2826594797747246 0.6484436508277369 0.6484436508277369 0.7484187678482996 0.8229688512398887 0.8886685371890252 0.9515166868921727 1.0400777480291654 1.083380271593782 1.2826594797747246
12 120 0.36570319235021426 1.3005507653252346 0.6427875623794428 0.6427875623794428 0.7296625656551585 0.8079307587692821 0.8892395526005602 0.8956913463008667 1.0178943628631583 1.09406580474367 1.3005507653252346
13 130 0.35887352845942433 1.2949528651288686 0.6431011935608161 0.6431011935608161 0.6914378724150819 0.8093135952992185 0.8569693396137507 0.9063217270217085 0.9875034282046794 1.1558624772059956 1.2949528651288686
14 140 0.4141462397187484 1.2793571002660267 0.6292162024343289 0.6292162024343289 0.6606963937079362 0.7889744574387322 0.864124293993489 0.9358020567599423 0.9910108129583192 1.1453795503235364 1.2793571002660267
15 150 0.4897737259824106 1.31481551693197 0.6103368082814387 0.6103368082814387 0.6380324223716631 0.7775410151932468 0.8750189479787684 0.954637527501343 0.9892536822784603 1.2306807500040178 1.31481551693197
16 160 0.547795113421894 1.3678361052072117 0.5752631681679573 0.5752631681679573 0.679052500220642 0.7709612290689393 0.864326746508477 0.9554417759072916 0.9850601540251748 1.2310981105470558 1.3678361052072117
17 170 0.5891975098086752 1.4096711884753148 0.5742586353537131 0.5742586353537131 0.6581337077801217 0.7623796166783621 0.8543962845135555 0.9332245179575089 0.9811042927358804 1.2346617144016345 1.4096711884753148
18 180 0.5588549089325705 1.4769437533974523 0.5524229176576121 0.5524229176576121 0.5979600350270838 0.7551885802053984 0.8459932999773822 0.9399485339522847 0.9862194177148275 1.2433613840330298 1.4769437533974523
19 190 0.5483982526019049 1.470278739723677 0.5306459840067352 0.5306459840067352 0.5951709245103746 0.7345920480952829 0.8422668874044695 0.9352122618967114 0.9489207395390934 1.245694976957396 1.470278739723677
20 200 0.5799985193902363 1.437393377540459 0.5217535162275773 0.5217535162275773 0.5884747401104877 0.7246561249174219 0.8749998354548824 0.9004243965513608 0.9567187342757422 1.2452579663317616 1.437393377540459
21 210 0.6220399388424087 1.4140991605436726 0.5087528168731613 0.5087528168731613 0.5866317681773789 0.7095171209649341 0.8470742253079999 0.8679362354649722 1.0167648316360316 1.2781706121931036 1.4140991605436726
22 220 0.6471073613017571 1.3899552553948562 0.49195854282667345 0.49195854282667345 0.5820554631855531 0.7061168563975213 0.8673945400623321 0.9177316078593216 1.0128533437448406 1.2788428858564902 1.3899552553948562
23 230 0.6215496450392172 1.4303949147703652 0.488372190261913 0.488372190261913 0.5685838061634645 0.7034004641927485 0.8549479871930262 0.8958354682067635 1.0058763019881423 1.304649552723682 1.4303949147703652
24 240 0.5729676106334753 1.3866031147285012 0.47036018597883944 0.47036018597883944 0.552437149360537 0.6933311262508159 0.8699542664080219 0.9014257085088757 1.0381872930338216 1.308771893394309 1.3866031147285012
25 250 0.5971524828566889 1.3802676265071303 0.4592471416768173 0.4592471416768173 0.530586706142791 0.6870366941258237 0.876735275915417 0.8913407793913475 1.021633061056328 1.2887553424129885 1.3802676265071303
26 260 0.65370010362686 1.4214909275859196 0.4253655001216241 0.4253655001216241 0.5153296454578755 0.700391200212014 0.8714929597344673 0.8954617353282782 1.0191920920000364 1.375734982890298 1.4214909275859196
27 270 0.748328661774662 1.5820912761797776 0.4026086790693734 0.4026086790693734 0.5142521398494899 0.7019387376687035 0.8475945721171649 0.8937192822354687 1.0062858511446249 1.3415688165155844 1.5820912761797776
28 280 0.7958461239301828 1.6467658418948448 0.38344390044922677 0.38344390044922677 0.49404171806062513 0.7017609622608361 0.876156813360545 0.9194298719137091 1.0205511601050623 1.3419962319315157 1.6467658418948448
29 290 0.7845671352676976 1.692138099254605 0.37662983436266984 0.37662983436266984 0.48032719172272337 0.7172508484017712 0.8554749628512408 0.929651109801323 1.0018550230866365 1.3780082961595068 1.692138099254605
30 300 0.7478182253419697 1.7525159689964243 0.35180004821821 0.35180004821821 0.4850294655666118 0.717798818312121 0.8209135039842523 0.9109097393849145 0.9723969632723485 1.366572445005129 1.7525159689964243
31 310 0.6979478101773492 1.7497674834615033 0.3316754561073876 0.3316754561073876 0.4907895746583874 0.7167605197657728 0.8086035638915584 0.9099190121705631 0.9380470271863172 1.3681810902346803 1.7497674834615033
32 320 0.6330341018433453 1.7116305126464502 0.3091476101195707 0.3091476101195707 0.49078396334339136 0.7081625459564924 0.7998494567101584 0.9099170772081644 0.9546612050430197 1.3098055630454641 1.7116305126464502
33 330 0.5991362805046785 1.6653566807494076 0.30170487712798616 0.30170487712798616 0.47056547848988084 0.7218575340892714 0.7907902853141032 0.8870991543912018 0.9437989151314363 1.3108212052523178 1.6653566807494076
34 340 0.5556893420930135 1.664482382875105 0.2976051221916865 0.2976051221916865 0.4546861962468326 0.7377596524951653 0.8110774756294871 0.8853166143854327 0.8907032004379176 1.2912142184607356 1.664482382875105
35 350 0.5214761158267971 1.6604049000408918 0.28279240136981987 0.28279240136981987 0.46526614770451113 0.7347259972915977 0.7962071230609767 0.8546046764775325 0.8965138740083033 1.2848489251643505 1.6604049000408918
36 360 0.46570516866363293 1.6514898206516715 0.27535581712001866 0.27535581712001866 0.46632446907707886 0.7202311047956127 0.7665597170139838 0.8551428053388405 0.8960421465957795 1.3332477423345277 1.6514898206516715
37 370 0.4785630311668169 1.602910514760143 0.265741133483589 0.265741133483589 0.4691687634615167 0.6998906702100394 0.7683118708469434 0.8519180171864993 0.8843205655910238 1.3247680136732891 1.602910514760143
38 380 0.581428226151232 1.5662545394766039 0.25616260111897393 0.25616260111897393 0.4749067150187746 0.6923576473096301 0.7602108173611607 0.8496011012401418 0.9271973448446943 1.3251951954769188 1.5662545394766039
39 390 0.6394416250887393 1.5930915889930386 0.2496831183810821 0.2496831183810821 0.4754867926702444 0.6842266742167559 0.7216589086526174 0.8393813668916125 0.9595375311130689 1.3518456014383688 1.5930915889930386
40 400 0.6845160516828032 1.6346338701646757 0.24656382350624936 0.24656382350624936 0.47497573054366427 0.6408553854292095 0.745213370540682 0.8548290064242682 0.9707870901350892 1.3228506608799213 1.6346338701646757
41 410 0.7672248635111135 1.6448298252206466 0.24401027095405656 0.24401027095405656 0.483449108471562 0.6332184786667705 0.738529439342738 0.8608268947232075 0.9764623111901498 1.2997818062558923 1.6448298252206466
42 420 0.7642867887100794 1.6477466314478428 0.2569052690046285 0.2569052690046285 0.4982991008458462 0.6232031563493112 0.7533188676069107 0.8613130199423406 0.9942429129243474 1.2532292238712393 1.6477466314478428
43 430 0.7949883767353537 1.6524490259172269 0.24958266684890304 0.24958266684890304 0.48518168021544045 0.6351519039255541 0.756763397171977 0.8150443443895796 0.9986892478069589 1.2316744438849276 1.6524490259172269
44 440 0.8242337538131113 1.6724843402868033 0.24164934424563028 0.24164934424563028 0.45875271372379045 0.6379394850290441 0.7370113376643499 0.8221811024243347 1.0495265512661462 1.2510267390934275 1.6724843402868033
45 450 0.8399428394519501 1.6606970852612177 0.2293450486913293 0.2293450486913293 0.4573849550399944 0.6304723256601481 0.7229022553418526 0.8187283179991998 1.0195593290491454 1.3041576984081797 1.6606970852612177
46 460 0.9187385667178918 1.6809743982685679 0.2149932072005381 0.2149932072005381 0.4795290531601197 0.6060284783192217 0.7166733582993888 0.8037416079437637 1.0412990007721474 1.3222507810355788 1.6809743982685679
47 470 0.978136330501426 1.78376199463142 0.21251978271380617 0.21251978271380617 0.4876129666378709 0.5913872729833182 0.6968300879919982 0.7883058554430677 1.0329500602365496 1.3245075559713675 1.78376199463142
48 480 1.1664452180099656 1.8125384717466086 0.20096420299317233 0.20096420299317233 0.4878607638980175 0.5968776838594445 0.705676601201755 0.8181139382970197 1.0188512180299838 1.2796548996682406 1.8125384717466086
49 490 1.239050059735901 1.869064693076467 0.20106890739523892 0.20106890739523892 0.4887774485150242 0.6021928358622207 0.6915353202394984 0.7588354791627583 1.0305802754811961 1.299748189760424 1.869064693076467
50 500 1.164385843248421 1.88148854584913 0.19740966651624814 0.19740966651624814 0.4819326466087641 0.6173547687070153 0.706667269567642 0.7463040637822237 0.9598170160013303 1.295038816785223 1.88148854584913
51 510 1.0622815421015046 1.8926231941711005 0.1886579830196804 0.1886579830196804 0.4824192727316335 0.6457950756299087 0.6667785375655269 0.7602633572230212 0.9387384223102667 1.2864616929271282 1.8926231941711005
52 520 1.1003765196788526 1.8605540712145194 0.18124263655933814 0.18124263655933814 0.4705695936705783 0.6330033271176949 0.6476101420802806 0.7695337695462693 0.9292816714096471 1.3027873010454503 1.8605540712145194
53 530 1.0543493491178546 1.8218985336699334 0.1807300949181471 0.1807300949181471 0.46874322731026463 0.6387450833747594 0.6599671294385143 0.7679820505045462 0.9353266853853741 1.2866971154078652 1.8218985336699334
54 540 0.9574517860134967 1.8343363411356532 0.1727534667399334 0.1727534667399334 0.4760011664084278 0.6002161942101605 0.6606867269315 0.7873284695488815 0.9177830527608245 1.260774199466867 1.8343363411356532
55 550 1.008085436274393 1.81697583084763 0.17369614441616857 0.17369614441616857 0.45005590469363693 0.5913001410521944 0.6402303700708899 0.7930926606570604 0.9202346980962492 1.2175646825832114 1.81697583084763
56 560 1.0609846681518575 1.8325429669133422 0.1823443983367385 0.1823443983367385 0.47059521597707926 0.5890411030797419 0.6157099914350165 0.7791285013068927 0.9287291279109701 1.1752627011668562 1.8325429669133422
57 570 1.0251739317273143 1.799721535949374 0.1873963366360461 0.1873963366360461 0.4767868971995502 0.5859553918685563 0.6222822284586659 0.7605177456832408 0.946888597487665 1.1743105347662237 1.799721535949374
58 580 1.0519529150938205 1.789913373325601 0.18400349705338276 0.18400349705338276 0.47860076968876636 0.5797208802430913 0.6107808474467189 0.7589813569375594 0.9638434575340342 1.126299230328742 1.789913373325601
59 590 1.0834817927700835 1.742841731666674 0.1807615814739698 0.1807615814739698 0.47528467901528576 0.5550247121182278 0.6564920664098477 0.7470057077854163 0.9574289334188034 1.1402098545986203 1.742841731666674
60 600 1.1698329575588606 1.6862379106281968 0.17952157646851324 0.17952157646851324 0.47647627005194676 0.5396001389909717 0.6860672784990983 0.7322783263816379 0.9574442169878015 1.144646338083312 1.6862379106281968
61 610 1.1827376794732707 1.673260627450821 0.17876619841260516 0.17876619841260516 0.4699794953164768 0.5498783897965437 0.7011150458240675 0.7732928200490621 0.94598836565926 1.1441773425763162 1.673260627450821
62 620 1.1315856655079328 1.6551327810071068 0.17724404567148114 0.17724404567148114 0.4730194307325711 0.5230480950066896 0.7033770448385736 0.7760391943066985 0.9297382772344626 1.1375028635974676 1.6551327810071068
63 630 1.0884393819117337 1.6109358721911213 0.17672692530672857 0.17672692530672857 0.4609584540967482 0.5230971786973506 0.7152857339883597 0.7755852206396626 0.9002299276112552 1.1578995766403368 1.6109358721911213
64 640 1.1347278289354403 1.6133568701113103 0.1761821802252258 0.1761821802252258 0.4577393808420503 0.5214342350259084 0.7077444303203347 0.7524272731500496 0.887915946692772 1.1705771684509851 1.6133568701113103
65 650 1.1575992192313984 1.62987746992311 0.17896309101103056 0.17896309101103056 0.4520704702303251 0.5242420979659835 0.6813153503542844 0.7571703970284795 0.9044940916582899 1.132821116800402 1.62987746992311
66 660 1.101105937781334 1.6613470969043511 0.16820395733686214 0.16820395733686214 0.4526259552488274 0.5260286750166833 0.68559797697779 0.755881539205572 0.9111599469352308 1.1499857210257272 1.6613470969043511
67 670 1.2101645070301434 1.6448335815304302 0.15922831570212817 0.15922831570212817 0.4574998248211636 0.5472313088199456 0.6494533264135915 0.7612471542990473 0.9426602852721521 1.1484550111757725 1.6448335815304302
68 680 1.2080185313226377 1.6670382846861758 0.15708014096209247 0.15708014096209247 0.4288842584083777 0.5548285262940122 0.6484599569162863 0.8113244379015423 0.986670130193785 1.1274903953404076 1.6670382846861758
69 690 1.1209758518071098 1.6430636465695017 0.15692859404596768 0.15692859404596768 0.4099158364013262 0.5441033874313148 0.6671869192965107 0.8161751697112333 0.9793818746200644 1.1409524708742163 1.6430636465695017
70 700 1.1098949107523735 1.661110813651754 0.1520046839595907 0.1520046839595907 0.413171617858437 0.5531726359326624 0.6403432923401289 0.8209018088736783 0.9830857534026574 1.0866341560006647 1.661110813651754
71 710 1.106982035508905 1.6489081299938053 0.15213204345690598 0.15213204345690598 0.41161414747425457 0.5467700434024417 0.6425483982046754 0.8069971561636613 0.9697856316501672 1.0842705020186985 1.6489081299938053
72 720 1.2102448968723822 1.644884274626523 0.15167637939685202 0.15167637939685202 0.4032818935333701 0.5501798839528494 0.6298911177111088 0.7856154451498314 0.9513577006439564 1.0538529898175346 1.644884274626523
73 730 1.2361376333990954 1.56225234346608 0.15561755004878777 0.15561755004878777 0.396332735362437 0.5551582686016288 0.6244432389961394 0.7846411334550321 0.9740400168674304 1.10670842997776 1.56225234346608
74 740 1.1923059238272482 1.548588819254432 0.158236875273459 0.158236875273459 0.3963343717015933 0.5311010173103229 0.6353016010811117 0.7814400139501316 0.9477327679968905 1.1036885731503168 1.548588819254432
75 750 1.234538585987989 1.5460061350248342 0.14653667866298847 0.14653667866298847 0.4036196815829592 0.5235183201623314 0.6353683205242386 0.7912047208836264 0.9420841392623802 1.0793660529753357 1.5460061350248342
76 760 1.3030498439128024 1.5213433875938451 0.14987820468623425 0.14987820468623425 0.4214890695016508 0.521465806545438 0.6145421470339206 0.7968255623525057 0.9140728441588769 1.0561869649798017 1.5213433875938451
77 770 1.2459293671857574 1.5104700842239076 0.14809204025702985 0.14809204025702985 0.4262580750312112 0.49632871806414336 0.6191416473562835 0.8286458692480008 0.951623667315941 1.0479320069163847 1.5104700842239076
78 780 1.139029679236152 1.4985982394754176 0.1431612111886119 0.1431612111886119 0.42824333294515315 0.5063352734039591 0.6232584901368018 0.800100047147985 0.9089082604017295 1.0477210189664594 1.4985982394754176
79 790 1.116175723152322 1.493786871650406 0.14286947694556415 0.14286947694556415 0.4188228129094185 0.5041053539435739 0.5996586162854698 0.7765953623006826 0.9184189883572988 1.0470735312798742 1.493786871650406
80 800 1.3519571696459514 1.4706357100242384 0.14050684894196167 0.14050684894196167 0.3927621950173146 0.4970665340751688 0.5948753787046233 0.7747795499130545 0.9287450376542015 1.0511247321363941 1.4706357100242384
81 810 1.509578520929772 1.4624263754120073 0.13682478508065427 0.13682478508065427 0.39814343346977893 0.4982189373480097 0.5744472384287702 0.7784986119993198 0.9544062785713824 1.081285900251215 1.4624263754120073
82 820 1.7474869239665272 1.4656340885222954 0.13678755491800307 0.13678755491800307 0.3920385570268378 0.49871733514440725 0.5797159701772228 0.7905001814553941 0.952932440473705 1.0350983004810181 1.4656340885222954
83 830 2.011130177759648 1.589756079384544 0.13359640789316715 0.13359640789316715 0.4039186207497497 0.48076988390274533 0.5754947677219955 0.8064594381332008 0.9432971021985531 1.0141769469183926 1.589756079384544
84 840 2.0786383311224643 1.707896571008935 0.13127256383815203 0.13127256383815203 0.39081160720708014 0.48308435924085125 0.5538750624911742 0.7950096688304555 0.9092190699830118 1.0488497904183243 1.707896571008935
85 850 1.852673648491722 1.6595315191205409 0.1311450974273573 0.1311450974273573 0.37442875298124595 0.48006339474230847 0.5717878765946637 0.7798087885120218 0.9295048715199331 1.081239986019926 1.6595315191205409
86 860 1.6540792411174383 1.673991286796953 0.12770497835766695 0.12770497835766695 0.37471497181154917 0.4714228692671632 0.56958349182972 0.7595667128885216 0.9254983981697603 1.0366646116039222 1.673991286796953
87 870 1.712853817270905 1.665100947289851 0.12518113193748492 0.12518113193748492 0.37188689168254574 0.45948645468606886 0.5751140576626383 0.7232112053473102 0.925976700116437 1.0116829976286075 1.665100947289851
88 880 1.6909888386412866 1.6613240535960636 0.12045447364306609 0.12045447364306609 0.36514589857157903 0.4281137103344716 0.5973543936797435 0.7461273538022647 0.9369813239890666 1.0328240771417359 1.6613240535960636
89 890 1.7280189922815794 1.6400956636232378 0.11632227497542924 0.11632227497542924 0.35794516811290095 0.42608949415377984 0.5845745366728446 0.747395446703038 0.979318650076355 1.0280757638663707 1.6400956636232378
90 900 1.7165891720653108 1.604137446156644 0.11507239656779443 0.11507239656779443 0.3430434020895532 0.42160334957845763 0.5780780964262379 0.7273953096842579 1.0184136324049027 1.0526104702723331 1.604137446156644
91 910 1.8376548427875352 1.6199567400053114 0.10792023535659655 0.10792023535659655 0.3464860567549344 0.4079273486740422 0.5929097813921613 0.7367158741812939 1.0094847349498866 1.0778569195098398 1.6199567400053114
92 920 1.8775475335144398 1.6191586649707286 0.10527995764870375 0.10527995764870375 0.3540737017342119 0.4105780710204856 0.5917088473338487 0.7159115663653568 0.9942709978125269 1.125361092040799 1.6191586649707286
93 930 1.7753549582106574 1.645008649463668 0.10452664568320606 0.10452664568320606 0.35526515483568544 0.41400314948892086 0.5769844907968084 0.7065837635383687 0.9539557224705464 1.1963746824783266 1.645008649463668
94 940 1.6747521378901629 1.6479197571194946 0.10366122414031585 0.10366122414031585 0.34493093262117647 0.4147738075100608 0.5714894057273165 0.7078515746738889 0.8813235151271632 1.1883386031340253 1.6479197571194946
95 950 1.6576352179430933 1.5981313582841516 0.09987500652581806 0.09987500652581806 0.3461308553192372 0.41327133551157275 0.5630372027360977 0.709340188834448 0.899812375026031 1.219746508533179 1.5981313582841516
96 960 1.6471648523165763 1.579140823206531 0.10125807592175086 0.10125807592175086 0.3415561371563952 0.41617513178810184 0.5487382589298924 0.7576711826101898 0.9174113696083314 1.1671709847926905 1.579140823206531
97 970 1.6592894871646853 1.6098107325230788 0.0952843019947702 0.0952843019947702 0.34057645564974337 0.4018454075061635 0.559226850775966 0.7623590724735555 0.898783465243554 1.1702473860574945 1.6098107325230788
98 980 1.8007115616490936 1.6245422816428614 0.09228230424626732 0.09228230424626732 0.33563563658278295 0.4001230221015039 0.5419934707192686 0.7458338637105035 0.8867090836710853 1.1911585956998794 1.6245422816428614
99 990 1.904150019081606 1.639183346361593 0.08853746111180354 0.08853746111180354 0.3275730984323221 0.4259633485037879 0.5444582438788669 0.7711346073240577 0.8668531054289024 1.2114582328528292 1.639183346361593
100 1000 1.923426193940691 1.6581363359014731 0.08937132935939765 0.08937132935939765 0.323783404590707 0.44225799297371055 0.5330973413410462 0.7552586316889346 0.8500098834166904 1.1215578848515748 1.6581363359014731
101 1010 1.9480404217853338 1.6956251316658555 0.08966507084765754 0.08966507084765754 0.3140114604402508 0.4707059500385525 0.5296156699456307 0.7385752604393694 0.8285514455225036 1.0737777231145242 1.6956251316658555
102 1020 2.036027197159186 1.6900559908816375 0.08888599556915794 0.08888599556915794 0.3151507029548787 0.4478553082942362 0.5199429940104716 0.7223446998718689 0.8207503968055446 1.1442173655841212 1.6900559908816375
103 1030 1.8297383545744033 1.6846694295681188 0.08741404251168244 0.08741404251168244 0.31025434484085856 0.4415072422315192 0.506710313292088 0.7295134106181488 0.8157761533942264 1.1628801045904404 1.6846694295681188
104 1040 1.7225807721104713 1.6244674160583312 0.08687808338809577 0.08687808338809577 0.30843772619698046 0.4410874289367307 0.4925528072720434 0.7012189884013209 0.8033236520103313 1.1613954796530523 1.6244674160583312
105 1050 1.5895778711428583 1.6594677176004948 0.08199134954988199 0.08199134954988199 0.3045361278471729 0.4338472914637754 0.4722737866189504 0.720963157412967 0.8103750614869821 1.1655199738060507 1.6594677176004948
106 1060 1.5351709788566077 1.617957348544177 0.08000706202496018 0.08000706202496018 0.2969425168740606 0.4328013510794069 0.46851639316317 0.7180336228737552 0.7840403727246908 1.1535995959978054 1.617957348544177
107 1070 1.5317362300095494 1.632700572131184 0.076879835099933 0.076879835099933 0.29168266147161326 0.42512561001942284 0.46941468846597606 0.7138159574005316 0.7358545749245611 1.200973193069531 1.632700572131184
108 1080 1.5145805542022335 1.6304520254317383 0.0721421289018921 0.0721421289018921 0.28877721139266427 0.427451197262382 0.4686238539321627 0.7154498038230356 0.7358478066637476 1.2322751567255728 1.6304520254317383
109 1090 1.4846682001837799 1.6186832977990389 0.06988977464712723 0.06988977464712723 0.292748921333948 0.40658012511958447 0.47692586574576223 0.7201965765746932 0.747578052409206 1.2107896687266513 1.6186832977990389
110 1100 1.5291980017261535 1.6394404211506861 0.0673142489026034 0.0673142489026034 0.28772421421592465 0.4097325921539132 0.4620005130047708 0.6946534673055554 0.7367014520292815 1.2106921581563432 1.6394404211506861
111 1110 1.474583285609436 1.5362822788716648 0.06729823660881525 0.06729823660881525 0.28691167869741946 0.4274684791524605 0.4693703716736444 0.6970556917090763 0.7290798807904663 1.249067833731285 1.5362822788716648
112 1120 1.465948100739919 1.5549072760297697 0.06550211094979512 0.06550211094979512 0.2877170875642061 0.4201985497454971 0.4692268342384206 0.6943375642722416 0.7053582027915823 1.2348110029781951 1.5549072760297697
113 1130 1.5721717860681688 1.6405948617926576 0.06667040870296198 0.06667040870296198 0.2794660707003697 0.4130152661384611 0.4679981626216906 0.6694944421027377 0.7097200381527875 1.1716194814608807 1.6405948617926576
114 1140 1.7671147391520456 1.668144712146386 0.06694867247336538 0.06694867247336538 0.2940143340326538 0.4061442327158245 0.4746445630060579 0.6691181250770659 0.6905366685361661 1.1334473570898658 1.668144712146386
115 1150 1.7069374544284117 1.705559148507617 0.06617097706076001 0.06617097706076001 0.3066513620004438 0.3924112041027135 0.49073470622038784 0.6681622031099357 0.7138133794448245 1.0882179350906145 1.705559148507617
116 1160 1.658745302442015 1.7606122003376128 0.06545484275896733 0.06545484275896733 0.2968262513615633 0.3901197393173618 0.46574216738399304 0.6687736027337994 0.7136240039701484 1.0812315333204334 1.7606122003376128
117 1170 1.8106773798569082 1.795330475873529 0.060865202212330646 0.060865202212330646 0.29864598909368617 0.39120459518334655 0.46646734945161966 0.6541205614483107 0.705307979705583 1.0571909372549728 1.795330475873529
118 1180 2.0170323869976454 1.9221082082685017 0.058903509383966254 0.058903509383966254 0.2975127518995133 0.3823528188940111 0.4510114884000347 0.6613413035848381 0.7277208331475742 1.0640876042038487 1.9221082082685017
119 1190 2.3456699427375374 2.0324932148549526 0.05880157437202164 0.05880157437202164 0.30097143847839763 0.3877733011317102 0.44860909960191014 0.6566174030862132 0.7022241412661621 1.033503715057655 2.0324932148549526
120 1200 2.3741977511349304 2.0793394021588982 0.05875160756674554 0.05875160756674554 0.30460829030348124 0.3873678980740172 0.4663293616721353 0.6434932612471229 0.7130582384438933 1.069937793261568 2.0793394021588982
121 1210 2.2454030123355038 2.12426648590386 0.056977913815502886 0.056977913815502886 0.2948399053289348 0.3833709338946049 0.4665038170739339 0.6407780926098364 0.7023831227558661 1.0621604975179293 2.12426648590386
122 1220 2.089329737368424 2.120327168288943 0.05502222616245428 0.05502222616245428 0.2981858248536014 0.37129817967026524 0.46118393041648414 0.6203689558045629 0.7004302926637145 1.0503144310490538 2.120327168288943
123 1230 1.9414421228107968 2.066636109893911 0.05529613948841054 0.05529613948841054 0.27704001346734614 0.371661511031895 0.44978269613019933 0.6228820572510056 0.7097560793817523 1.0478254823086732 2.066636109893911
124 1240 1.9058790431765622 2.0344790214990107 0.05478804382750864 0.05478804382750864 0.27839476012136993 0.3671286587339393 0.45675507934051274 0.6209831093052914 0.6761622952080206 0.9949630636683144 2.0344790214990107
125 1250 1.8438797317179443 2.054483892230818 0.0546347962807645 0.0546347962807645 0.2767614111401232 0.34531302309462525 0.4531559307541211 0.6125073816591374 0.6852800263666093 1.0002632277710481 2.054483892230818
126 1260 1.9437936824769932 2.0179939931965674 0.05252508753454096 0.05252508753454096 0.27305513696348976 0.3405319951207233 0.46738281294116674 0.6111248661635159 0.6876465724837317 1.0169314955256714 2.0179939931965674
127 1270 1.8702399583534073 1.982199574352084 0.05054514681520338 0.05054514681520338 0.27164363547571335 0.34075728375444786 0.45745803093285264 0.6137961748961067 0.7595368443080334 1.0242815084038066 1.982199574352084
128 1280 1.8752375093888147 1.9440061945723452 0.05066469810136437 0.05066469810136437 0.2760611672986798 0.331702377738335 0.42939248900907573 0.6069979827788651 0.7536062817904157 1.0274451659646473 1.9440061945723452
129 1290 1.9301491872369136 1.9358963060086223 0.04952029490719292 0.04952029490719292 0.27455388438006534 0.3201275243884779 0.4553788332459527 0.6043781133998865 0.7562433700820391 1.0094280192186478 1.9358963060086223
130 1300 2.0248314980673237 1.863839255431458 0.04997429342123279 0.04997429342123279 0.26242864747114547 0.3260905269373451 0.44758194452324634 0.6278862434249509 0.759552841509454 1.0427094235971461 1.863839255431458
131 1310 2.2351670931937413 1.926208579510679 0.04564250989866284 0.04564250989866284 0.2623605870202311 0.32019212241066314 0.4432507532269918 0.6692966988870018 0.7316015676160504 1.0395386371388933 1.926208579510679
132 1320 2.317433825639827 1.9217155975149631 0.0445796157221702 0.0445796157221702 0.2547735185751312 0.3306511869248715 0.4453568351671554 0.6837221450982397 0.7381357939663394 1.0394795261439498 1.9217155975149631
133 1330 2.3037973752441694 1.8980642106356014 0.04378116690323559 0.04378116690323559 0.2507905770065204 0.3255031323296505 0.4385809269501358 0.6943766226555687 0.7406452275495755 1.0466593085646774 1.8980642106356014
134 1340 2.292284941935253 1.912689349426276 0.04262703168725204 0.04262703168725204 0.25426092710955306 0.32417163385867165 0.4346722835948491 0.6940181770559323 0.7387317686474489 1.0205510307577312 1.912689349426276
135 1350 2.0854286373631052 1.9077545754633751 0.04242113083376604 0.04242113083376604 0.2427642175009051 0.3236352014113716 0.4243585237493725 0.6805906738082506 0.7639477583912365 1.0071663888533011 1.9077545754633751
136 1360 2.0482275347584586 1.834460864487203 0.04138322417584623 0.04138322417584623 0.23821164915878926 0.3211453617075103 0.4240962817881918 0.6688850090601153 0.7581082401021018 1.0050572736683696 1.834460864487203
137 1370 2.0775303048586404 1.8239915284348418 0.04206470057406285 0.04206470057406285 0.21908027744883937 0.32055866227940183 0.4472255504351327 0.6525915802011559 0.7488706466851567 1.0063248611143543 1.8239915284348418
138 1380 2.3144121178083346 1.7978570329101777 0.04161503232733248 0.04161503232733248 0.21634638113504984 0.32022094270514656 0.46007893425893 0.666306330209542 0.7424441482704047 1.001864279597433 1.7978570329101777
139 1390 2.2269511540817533 1.7399721622685678 0.039517226792149765 0.039517226792149765 0.22048881659417566 0.32395665760077375 0.4982636649117345 0.67087473527823 0.7379832759754535 1.0010755877111412 1.7399721622685678
140 1400 2.0175381924043694 1.7259726758670093 0.040850952518503396 0.040850952518503396 0.22132968137815626 0.31457616134608457 0.48633440269077693 0.6560488935067779 0.732849420195722 0.9948205835421498 1.7259726758670093
141 1410 2.019909871444602 1.7451309238378254 0.04091654670042694 0.04091654670042694 0.21745518568965527 0.31625780388941577 0.4775629210381575 0.6566998314445962 0.700732408563364 0.9603094889687714 1.7451309238378254
142 1420 1.9907254442834053 1.734032291205601 0.040524979395192826 0.040524979395192826 0.21260912960482578 0.31554157146041845 0.45895848585497356 0.6540461229464923 0.6926117361815156 0.9695580911365268 1.734032291205601
143 1430 2.0948992909864126 1.7550121897243918 0.03994625356445219 0.03994625356445219 0.20891170609002885 0.32233536198143087 0.4463564404355159 0.657407196189231 0.6989516301743168 0.9890875559162425 1.7550121897243918
144 1440 2.1431361907080246 1.7216295530116055 0.04138441645301469 0.04138441645301469 0.20440554983239748 0.31072410700922354 0.4476467674353311 0.6438659876585383 0.6921844855628002 0.9706791479430952 1.7216295530116055
145 1450 2.1963380159110937 1.7097303543422875 0.04220929407547711 0.04220929407547711 0.19929526318398655 0.31651154699512574 0.45643198715618305 0.6044489531458891 0.6835406482750551 0.977020273072942 1.7097303543422875
146 1460 2.272186462787459 1.6993839582998633 0.0425317959112733 0.0425317959112733 0.20004285448344739 0.33121136780178606 0.44347763152293224 0.5798393661225235 0.7027374761662113 0.9638118282390342 1.6993839582998633
147 1470 2.246411769766659 1.6708575168640813 0.043132264950101265 0.043132264950101265 0.2004370670207602 0.32266365246671713 0.4443109907148502 0.5795815065246053 0.7673467824826691 0.9421222560746726 1.6708575168640813
148 1480 2.0078943223486734 1.636775318693704 0.044002237376294745 0.044002237376294745 0.19678978009145193 0.3267890366563782 0.4331248741869951 0.5802102698117236 0.7599738403553301 0.9590038321028369 1.636775318693704
149 1490 1.8880994242088267 1.6131299111295532 0.044092619220918866 0.044092619220918866 0.19341458841657627 0.319910342278591 0.42232434302466737 0.5651514069165502 0.7670343318544435 0.9289213532639748 1.6131299111295532
150 1500 1.9017284999821364 1.7057322129705546 0.04280627063064243 0.04280627063064243 0.18971312058899797 0.3209317326696717 0.4117194131735681 0.5611513463010809 0.7660167441764394 0.9095800060584973 1.7057322129705546
151 1510 1.7492287182629427 1.677831880430673 0.04282257841687467 0.04282257841687467 0.1877544468443325 0.32581565046115046 0.4097148605285612 0.5609992532243804 0.7588870539270313 0.9088576770000929 1.677831880430673
152 1520 1.7247827501080695 1.624108300173068 0.04289429990064558 0.04289429990064558 0.18376921044611108 0.3259238820614363 0.4023734216951134 0.5812609276636799 0.7267656968940669 0.910042260786753 1.624108300173068
153 1530 1.8009441319182515 1.6008048012009073 0.04276708748904967 0.04276708748904967 0.18510996345718367 0.31316622561619256 0.4029703140124885 0.5765217120864384 0.781274636393221 0.881858133409985 1.6008048012009073
154 1540 2.0665676021857498 1.5435388231741802 0.04382354529620595 0.04382354529620595 0.18180198494435776 0.2981679977790277 0.38701232053913054 0.5791066986395971 0.8258569582837011 0.8839485571765769 1.5435388231741802
155 1550 2.134662419202582 1.5157964514945226 0.044026331590612776 0.044026331590612776 0.1854451857414094 0.30164681405277316 0.39385272617208905 0.6061556038010169 0.7969257138384379 0.8927492860171415 1.5157964514945226
156 1560 2.237778487492998 1.5039977932071487 0.04457598892675985 0.04457598892675985 0.18500861960354992 0.30642006500662866 0.39113831254680453 0.6318068618402692 0.7899865386329985 0.8759854362257787 1.5039977932071487
157 1570 2.0921002255663037 1.4152628425311944 0.04253372858119536 0.04253372858119536 0.17826550256132132 0.30582324809175143 0.39070678519305324 0.6513683662400175 0.8320891517311102 0.8709221056000122 1.4152628425311944
158 1580 1.9421399513119066 1.351051558909787 0.04065256236963741 0.04065256236963741 0.18103599844354418 0.3029659580993252 0.38408657798728174 0.6649892567520143 0.8311992016801505 0.874553666949766 1.351051558909787
159 1590 2.1270088705870047 1.3580799524431506 0.040963464076591 0.040963464076591 0.17667798180983194 0.29448146711739476 0.3707057328658419 0.6606504838863901 0.8221428838160799 0.8726323230895794 1.3580799524431506
160 1600 2.069096403615681 1.3598139821626813 0.04081273279001531 0.04081273279001531 0.16925265353209876 0.3336170158592778 0.371469261280992 0.6627330121272194 0.7776608691124305 0.8580214337849029 1.3598139821626813
161 1610 1.9935368458556222 1.4102333108424996 0.04053004905170167 0.04053004905170167 0.16590088444624448 0.3334488989957645 0.35008107357180424 0.6417450337640137 0.7892476159691925 0.8693718000195084 1.4102333108424996
162 1620 1.8526056958692452 1.3686703891806538 0.04038235377668479 0.04038235377668479 0.16673896423345674 0.3243474420985444 0.35487098824312613 0.6329820747268434 0.7686900953323634 0.9088952646151297 1.3686703891806538
163 1630 1.683263323749353 1.334982718557903 0.04065482732671903 0.04065482732671903 0.16334786609943047 0.3084331675023867 0.3514532494579476 0.6289427622913404 0.7672130775323954 0.8957106975146761 1.334982718557903
164 1640 1.5594277408591941 1.3161084404442993 0.040419016924704634 0.040419016924704634 0.14968099645313537 0.3112007236497178 0.3441052892184254 0.6289914512176698 0.7441466619112486 0.8899006363189249 1.3161084404442993
165 1650 1.4240871565910167 1.3086538712711944 0.03910506837721292 0.03910506837721292 0.1470432458338043 0.317964114774066 0.3417348502529823 0.6288189181615856 0.7016117382171414 0.8850486320257084 1.3086538712711944
166 1660 1.3874511730801742 1.3174029926293034 0.0378948523679871 0.0378948523679871 0.14343323376929096 0.3211236305242519 0.3367981208742838 0.6252462094761235 0.6898077405242342 0.8887686519553425 1.3174029926293034
167 1670 1.2360904675763658 1.3027657724213775 0.039524517694576086 0.039524517694576086 0.14224928085309665 0.3295025434761074 0.33048428386822143 0.6166040069518284 0.6898302737952234 0.8725964524733296 1.3027657724213775
168 1680 1.3550694936278462 1.2937514748099403 0.039467335850479825 0.039467335850479825 0.14132155065813734 0.31471055874335346 0.32736438528482864 0.6177306569944181 0.6902757083067307 0.8606664405475435 1.2937514748099403
169 1690 1.2891715142564202 1.3004157314239837 0.03861221163946582 0.03861221163946582 0.1375273507628106 0.2935281774819418 0.37833869825058264 0.616493245064516 0.694262722010862 0.8796769587552034 1.3004157314239837
170 1700 1.2458319074167115 1.241867143850802 0.0371469103052924 0.0371469103052924 0.14040003957571157 0.2956524787253807 0.385194288362711 0.618832042766337 0.6939721018823645 0.8403332678381078 1.241867143850802
171 1710 1.3500349299342378 1.163998093474847 0.03638802859972372 0.03638802859972372 0.13731819218120733 0.29471430893463524 0.3796372197043306 0.6194859947686848 0.705050130059315 0.8467571170782411 1.163998093474847
172 1720 1.2862883775586582 1.1640006488529537 0.03631390872403933 0.03631390872403933 0.13838399876518967 0.2704285910695131 0.38108174941072004 0.6330835733005444 0.7263007281354781 0.8651621319484365 1.1640006488529537
173 1730 1.1490437318143623 1.1506781886849555 0.03517563281134411 0.03517563281134411 0.12996195905261992 0.2765800593232843 0.37680540230667825 0.6368795945027028 0.732328200883998 0.862653948999176 1.1506781886849555
174 1740 1.0859992371660343 1.0951536323529485 0.036016437107245544 0.036016437107245544 0.12791424019054387 0.2748457712651363 0.37106299075663085 0.6354741478992333 0.7024387613782223 0.8409212176931574 1.0951536323529485
175 1750 1.0288825504609547 1.0846731916377104 0.03641364632743737 0.03641364632743737 0.12122052479420015 0.28069485885183176 0.37395957016618725 0.6327679917582698 0.7046777733301157 0.8287515578372386 1.0846731916377104
176 1760 0.9781496498404423 1.043572970126053 0.0367294793153109 0.0367294793153109 0.12012793393102182 0.26698652418724705 0.3719697410541009 0.6434155584744803 0.6865483624586515 0.8265760829156288 1.043572970126053
177 1770 0.970341379638194 1.0270282309277932 0.03605536561811199 0.03605536561811199 0.12085398408302594 0.2675156301830094 0.3648668792156734 0.6146789181878981 0.6637306995606721 0.8393703099008339 1.0270282309277932
178 1780 1.0636422672030574 1.0187788235986146 0.03785627091738181 0.03785627091738181 0.11766163592576608 0.2622565981580547 0.3584330342999512 0.604010740680288 0.6624201648168662 0.8360529666287473 1.0187788235986146
179 1790 1.1450159070608297 0.9894749846907573 0.0400064218149693 0.0400064218149693 0.11553820244251603 0.2655131941146108 0.36238165015578955 0.5953168293236358 0.6743508266300774 0.8349513693438505 0.9894749846907573
180 1800 1.16488906121039 1.020761167763979 0.040066913557213646 0.040066913557213646 0.10627349733370235 0.2630235429697889 0.3630225134186642 0.5815068857177036 0.7228235039984552 0.8306076291320434 1.020761167763979
181 1810 1.2319360755906066 1.0049137129821517 0.04038604211289525 0.04038604211289525 0.11286265755400203 0.2648461945099584 0.3693445884965223 0.582354242144654 0.7215797684284547 0.8168122567735476 1.0049137129821517
182 1820 1.3044089314813891 1.04450824917369 0.0404945429070259 0.0404945429070259 0.11355199793600015 0.27001509008652524 0.3678553464566143 0.5863974147203556 0.6955460052289751 0.8355347866428781 1.04450824917369
183 1830 1.2564827524659263 1.0990348724451007 0.04039184357945503 0.04039184357945503 0.11676696743814657 0.2526256522171554 0.36566508365202327 0.5763686964200172 0.7217769246061162 0.8142788278755894 1.0990348724451007
184 1840 1.1767346348931012 1.1072762793554538 0.040106480396849976 0.040106480396849976 0.1138060338163419 0.24824969327224425 0.36193629825831 0.5562633424060514 0.722679471827509 0.7891814268807992 1.1072762793554538
185 1850 1.2483560199900485 1.0780533741373652 0.03925235886699944 0.03925235886699944 0.11086990632691131 0.24519178081905185 0.36895531210213034 0.5643650447393022 0.7122196107478974 0.7870543222512343 1.0780533741373652
186 1860 1.2596283987560524 1.0921238772082134 0.0391107711477481 0.0391107711477481 0.11353732534577662 0.25323512113339947 0.37311942437840767 0.5411074880401123 0.6602625942172007 0.8095707444218264 1.0921238772082134
187 1870 1.3180040214392286 1.0997048499453617 0.0383106913542315 0.0383106913542315 0.11217997040107526 0.25567957421454085 0.372201395555907 0.5271722828412269 0.6542181287697705 0.7858375198840718 1.0997048499453617
188 1880 1.4349124959438488 1.1289861728376098 0.037532668101874 0.037532668101874 0.11308446918266303 0.2578455586021479 0.3702134297868829 0.5447683314566716 0.6633178184291489 0.7818933624868319 1.1289861728376098
189 1890 1.2566111421816892 1.1670186651396612 0.03726532063099677 0.03726532063099677 0.11100528796264582 0.24679844719886676 0.3734196603657804 0.5475155924578242 0.6644762204554624 0.8149924912257426 1.1670186651396612
190 1900 1.2517992328448464 1.1549250553573385 0.036855728297835 0.036855728297835 0.10876437396499007 0.24676886857646596 0.3631587356944736 0.5217300254818139 0.6431245318943876 0.8232961836241259 1.1549250553573385
191 1910 1.1535071760420674 1.1520805032678296 0.03673559760843057 0.03673559760843057 0.10967625343007796 0.25187278844775646 0.35982724406385325 0.5426632660294842 0.6452320678450629 0.7823793114613741 1.1520805032678296
192 1920 1.0502215041945673 1.1104946765062547 0.036996209842115685 0.036996209842115685 0.10864903871826324 0.2482477009904963 0.3685191266644297 0.5111530751784289 0.6552848031059343 0.8076034208881494 1.1104946765062547
193 1930 0.9693455011447225 1.0867090326258195 0.03571792087157574 0.03571792087157574 0.10794027652734055 0.25465652761745144 0.36489595654501533 0.5098159866223919 0.6481443395955014 0.7885547534577894 1.0867090326258195
194 1940 0.8729525278880799 1.0937550180995232 0.03690614517423819 0.03690614517423819 0.10487638390324193 0.2564360412562838 0.36976710888186415 0.512064837650609 0.6120104310860905 0.7489391822505206 1.0937550180995232
195 1950 0.8560363168227207 1.0864356379914861 0.03716972129363123 0.03716972129363123 0.10076271157860141 0.25595048416270644 0.3677386906117848 0.4918765613875581 0.6012037248936938 0.7431737793096995 1.0864356379914861
196 1960 0.7947754716579575 1.0443061755729293 0.03563939062702893 0.03563939062702893 0.09942760637463223 0.25701389740895236 0.37675082979369323 0.4847729504837432 0.6196978393972067 0.7426521946748317 1.0443061755729293
197 1970 0.7123242401719361 1.0357469552429772 0.03660273612102777 0.03660273612102777 0.101458807011129 0.24463036427420184 0.3722685057110462 0.4612423576374618 0.6182903815014298 0.732122880727617 1.0357469552429772
198 1980 0.667758004364434 1.047885560740032 0.03506830422164533 0.03506830422164533 0.09993385720891566 0.23425326738871155 0.36502842530136653 0.468157591424812 0.6241681805088303 0.7242472113999643 1.047885560740032
199 1990 0.639983290553034 1.0418979481114063 0.034674372806206895 0.034674372806206895 0.09766713704721364 0.23306015755145226 0.36412776528204477 0.4748822203364935 0.6281400136736263 0.7003616811493428 1.0418979481114063
200 2000 0.6095974112774557 1.0642161367594245 0.03277122567724618 0.03277122567724618 0.09620339128375864 0.23437622117954318 0.3615131633331528 0.48401376283159614 0.6112574009559536 0.6904332696218429 1.0642161367594245
201 2010 0.6039305836726022 1.0154667499967835 0.032814763475904805 0.032814763475904805 0.09445967667937254 0.2340457856648747 0.3629415376888772 0.48819461577930534 0.6171054688784078 0.6832008729450569 1.0154667499967835
202 2020 0.6309855984831212 1.0210956642155087 0.031509020436805535 0.031509020436805535 0.09506483204696312 0.24037638059551636 0.3526496835376849 0.4857914677556322 0.6364939802325842 0.6742111389962883 1.0210956642155087
203 2030 0.567809598019607 1.0228374080771687 0.029829221337991055 0.029829221337991055 0.09711646448261155 0.2423137175838271 0.35586875243905686 0.4770879977465853 0.663113377188631 0.6968628249466117 1.0228374080771687
204 2040 0.556996901371403 1.032679995377727 0.02988029801101092 0.02988029801101092 0.0934836617002368 0.23608419489858068 0.3522100716492125 0.4658488249491333 0.6753236911005005 0.6945194693012814 1.032679995377727
205 2050 0.5796094269347694 1.01664567171505 0.030247788603730615 0.030247788603730615 0.09367125273568638 0.23169155170307765 0.3431987455835542 0.4817456483199746 0.6737800157636376 0.6970488801976725 1.01664567171505
206 2060 0.6939411108910365 0.9832700309281008 0.029187503007527926 0.029187503007527926 0.09142548765826597 0.24037182047218858 0.3533790606471763 0.4883205985757992 0.6828133599673488 0.6990103299848123 0.9832700309281008
207 2070 0.8053935711412139 1.003255793299155 0.02970831930161188 0.02970831930161188 0.09105976513838886 0.2384441597134571 0.3637282921078399 0.47378085502722217 0.6707237513857176 0.7124539833289277 1.003255793299155
208 2080 0.8799014542470048 1.0075778135958138 0.02877353191596902 0.02877353191596902 0.08761251265775671 0.2402315664042451 0.3976544104575867 0.46657635829165456 0.6729418223094783 0.7005304535697069 1.0075778135958138
209 2090 0.8957887835374869 0.9957179533998879 0.02934490322872173 0.02934490322872173 0.08586356301778626 0.24425112692773046 0.3983959495403395 0.45858399683248013 0.634984688392073 0.772538957619925 0.9957179533998879
210 2100 0.8051536964858471 0.999048881453806 0.028948470348244364 0.028948470348244364 0.0858252084981224 0.2525608688545434 0.37776906744637434 0.45341751774744066 0.6167208544965649 0.7728237722797567 0.999048881453806
211 2110 0.805431140565997 0.9781669530849452 0.029309266065384545 0.029309266065384545 0.08029465816307334 0.25441414667871154 0.37556102807800273 0.44284350271820583 0.6174242601816093 0.7345092483881749 0.9781669530849452
212 2120 0.7179593678559665 0.9888632695546777 0.029459439532204982 0.029459439532204982 0.07962958378833394 0.24852109646372808 0.37198869125871786 0.42764977008164606 0.6290699521004298 0.7497790271981198 0.9888632695546777
213 2130 0.6506155270378751 1.0102795282811412 0.028655853189445652 0.028655853189445652 0.07677232866409764 0.248477084374255 0.36870986578954745 0.39625061442904513 0.6299996259310066 0.7528696904451395 1.0102795282811412
214 2140 0.6349477307267544 0.980010982149525 0.028623084047059 0.028623084047059 0.07693414537644974 0.24040447506222065 0.35452664811555057 0.3929487408683996 0.6326490490980443 0.7542802889571176 0.980010982149525
215 2150 0.639441230829216 0.9503407165754962 0.028898764168355285 0.028898764168355285 0.07348985655083146 0.24803951991286538 0.3507978332053916 0.4042345723850939 0.6289531824218437 0.7367092753013563 0.9503407165754962
216 2160 0.6487929959244714 0.9592647981290691 0.028623926579239237 0.028623926579239237 0.07703648162688176 0.24317969009552132 0.3503058297406292 0.4030747011654298 0.5645489098950124 0.7422131818877895 0.9592647981290691
217 2170 0.7051591518362329 0.918586313656928 0.027868691782585216 0.027868691782585216 0.07658645143949477 0.25625328495995525 0.3492890483492602 0.39545042022637705 0.5718271941515812 0.7252128895130449 0.918586313656928
218 2180 0.757606995665521 0.9937275023679906 0.027939791468507835 0.027939791468507835 0.07967441912044429 0.2546527738961142 0.33274870677742163 0.39577862561387867 0.5449082879841262 0.7425109698315253 0.9937275023679906
219 2190 0.7737561968807966 1.044432073087573 0.028672537534590276 0.028672537534590276 0.08017597563277334 0.23987652322280345 0.32526623228279106 0.3930204847854336 0.5330206927504576 0.7444311392338961 1.044432073087573
220 2200 0.8167096732343606 1.0370298265848927 0.0279717741796283 0.0279717741796283 0.07808452980909207 0.23418110450798443 0.31907013328005585 0.43319630485870764 0.5155210273843754 0.7187657642404004 1.0370298265848927
221 2210 0.8125713650012464 0.9996607287473763 0.027115861331377323 0.027115861331377323 0.07749226746469517 0.23520563200451336 0.32708302061759686 0.43154884506732144 0.5143259279837065 0.7366414517200391 0.9996607287473763
222 2220 0.6794872283601621 0.9845446245035162 0.027720584071982208 0.027720584071982208 0.07864758567423903 0.22453865673615955 0.31134521730843556 0.43640649587754815 0.5066197521638087 0.7502677280088802 0.9845446245035162
223 2230 0.5835658086629567 0.9911134692232118 0.026989430608762858 0.026989430608762858 0.07704704703501797 0.224088505002248 0.30877786868508394 0.42077412007399867 0.5012968878497638 0.7348688811013473 0.9911134692232118
224 2240 0.5948434924130598 0.9848191906663255 0.025942634688739002 0.025942634688739002 0.07482949971682154 0.22185492250427766 0.2977470557660392 0.4234432141613033 0.49078689137039583 0.7363580119366817 0.9848191906663255
225 2250 0.6301539310015593 0.9863329950232348 0.02596031870782343 0.02596031870782343 0.07672720606475775 0.22745516419754186 0.26964460937187745 0.41420459634373813 0.5321354000144356 0.731384836857045 0.9863329950232348
226 2260 0.6838509858625482 0.9739844789399295 0.02522526186534163 0.02522526186534163 0.07798883238663187 0.2085237118185477 0.2607220108875998 0.42197105135384905 0.53796455002506 0.7633579172443687 0.9739844789399295
227 2270 0.7088036590931986 0.9533708152273996 0.027371933982325562 0.027371933982325562 0.07910248841601436 0.1970879772952789 0.2564236524905369 0.3987851583482318 0.532908112922298 0.7918259259109344 0.9533708152273996
228 2280 0.6704324119314867 0.9582394081843165 0.02846366387781761 0.02846366387781761 0.07984897867398728 0.18393701666820875 0.2479110512045323 0.3949616775085959 0.5333876218776994 0.820302454917453 0.9582394081843165
229 2290 0.6627533217127942 0.9540701763106882 0.027834545776446454 0.027834545776446454 0.07607991498124199 0.18229850410137127 0.24166323858910146 0.3805122249979176 0.5386210291864943 0.8304865685061824 0.9540701763106882
230 2300 0.6367570703870902 0.9458797959128882 0.0277101296357573 0.0277101296357573 0.07499859855093377 0.17471411024538733 0.23675518694913172 0.39293883973504923 0.5299270765386097 0.823074688115731 0.9458797959128882
231 2310 0.664048419889982 0.9819334180408198 0.025793018100901597 0.025793018100901597 0.07172662119616977 0.1704813966176559 0.23943989648474834 0.3870177531375428 0.5354238597119821 0.8139579367518607 0.9819334180408198
232 2320 0.6306530444379678 1.0056715936316347 0.025715026441851332 0.025715026441851332 0.07184452581798287 0.15600882013304462 0.24664333505662392 0.380332128378557 0.5303049769789517 0.8179791506889078 1.0056715936316347
233 2330 0.6082638284732723 1.0261242591160875 0.02638479614837107 0.02638479614837107 0.07078610806032909 0.149191810181806 0.2478473884356019 0.37646806641840136 0.5295771848792227 0.8019201343354517 1.0261242591160875
234 2340 0.551057351879364 1.020817580662007 0.025812839403845128 0.025812839403845128 0.0697203708352367 0.13890983670281712 0.2538975879760335 0.3876197812017207 0.5152668104795679 0.7934466587717607 1.020817580662007
235 2350 0.508319372899881 1.0165242777702197 0.02466747923060532 0.02466747923060532 0.06959552625641433 0.1331157281158304 0.25166939990067305 0.370217566453509 0.5038312472108757 0.8023185082046076 1.0165242777702197
236 2360 0.5034909391277979 0.9905296137269899 0.024388332893457796 0.024388332893457796 0.0679828854936715 0.1280062703208417 0.25293338827356965 0.3710847237838182 0.5146117478320045 0.781409137723397 0.9905296137269899
237 2370 0.5293181170750849 1.0105462899348694 0.024385076513178908 0.024385076513178908 0.06868223863786585 0.12182401861355904 0.25612067347908757 0.36252067293721224 0.5358445920473037 0.7459191577429172 1.0105462899348694
238 2380 0.5243908095204267 1.04332501234128 0.024674498152374335 0.024674498152374335 0.06347005869580342 0.11993201416129472 0.2506829602401879 0.3745438820174831 0.5289554791986736 0.7652735338390039 1.04332501234128
239 2390 0.524120168944117 0.9882328211176448 0.024084062712859462 0.024084062712859462 0.06287610898031461 0.1180680750097241 0.25195345252042584 0.38423680669210825 0.5277910343004112 0.7661607079598569 0.9882328211176448
240 2400 0.5186889090634401 1.0453936444943261 0.023857027914656236 0.023857027914656236 0.06042233195245884 0.10979978882601589 0.26334011887539677 0.371762099061759 0.5295084986131826 0.7668089510059174 1.0453936444943261
241 2410 0.4809499808541389 1.0420775612813444 0.02307214183613704 0.02307214183613704 0.05839751877012582 0.1093102100389607 0.2567180356670615 0.37181442441539053 0.521161693426651 0.7907036762357388 1.0420775612813444
242 2420 0.4492819932705127 1.0571314799359672 0.022789390411198276 0.022789390411198276 0.05763879754897611 0.1039041135279417 0.24971321140026465 0.3719168501797184 0.5267498311834193 0.7659969871751772 1.0571314799359672
243 2430 0.48729628323788843 1.0480427393101452 0.022506869241492745 0.022506869241492745 0.05727874184230829 0.0933163587279741 0.2511258855061918 0.3742040803860951 0.5354637970577214 0.778370429646299 1.0480427393101452
244 2440 0.5416745900029059 1.0563772737709494 0.0222033110611784 0.0222033110611784 0.05688194759884455 0.09323745138068336 0.24968834444835614 0.35540095166403746 0.5531720925918658 0.7989302655990939 1.0563772737709494
245 2450 0.5848061848854813 1.0694151233547362 0.02221540850144534 0.02221540850144534 0.0585075321566172 0.09293415274863898 0.24929336134306326 0.3548962000305817 0.5444046495622489 0.7720667114288342 1.0694151233547362
246 2460 0.5985036215112947 1.0729015671973927 0.021396017111344676 0.021396017111344676 0.05656417875826969 0.09198595751123402 0.23931877502117474 0.3650577737030892 0.551172262110343 0.7696406469344975 1.0729015671973927
247 2470 0.5198034083687502 1.0563397612557197 0.02252303500294618 0.02252303500294618 0.05224897426735794 0.09206489186910233 0.237238877861674 0.3722961252891396 0.5508400666392459 0.7620451613373485 1.0563397612557197
248 2480 0.5471448214175739 1.007572541710948 0.02230992929833986 0.02230992929833986 0.052104144226174036 0.09211173686930177 0.23570345184723865 0.35370734498653494 0.5467734334883639 0.7402302103632254 1.007572541710948
249 2490 0.5628744778407987 1.007818377000905 0.02221905331889696 0.02221905331889696 0.05192755860570388 0.08934180061129418 0.22837584881949885 0.3782817915236293 0.5561230955947716 0.7229874334778332 1.007818377000905
250 2500 0.5698108095427094 0.9941688074781354 0.021491844808602802 0.021491844808602802 0.0494592360390904 0.08690025408160655 0.22536842351698355 0.37345407174771367 0.6136227725817768 0.7037656140293642 0.9941688074781354
251 2510 0.5783641878836981 0.9999078343384933 0.019798518686707414 0.019798518686707414 0.0491157137946722 0.0866891126171462 0.22228606788129193 0.37620018091787505 0.6279284348300257 0.6798287616570704 0.9999078343384933
252 2520 0.5993542716358755 0.9625276569553679 0.01983267657374451 0.01983267657374451 0.04708956059116891 0.09296311208545632 0.21809445987223147 0.3661878803238848 0.6160341517357945 0.6825497135618277 0.9625276569553679
253 2530 0.633537828197141 0.9402681582377879 0.019568916643176115 0.019568916643176115 0.04549502387502336 0.09422352054689098 0.21769405458928034 0.3654526879734432 0.6486827877213722 0.6659667403411587 0.9402681582377879
254 2540 0.6054248907196434 0.9579283278398194 0.018880715998655265 0.018880715998655265 0.045222295226681614 0.09503759991715449 0.21316456557708413 0.3603915844959797 0.6594842939788421 0.6819994333627135 0.9579283278398194
255 2550 0.6424531953185297 0.9467114062841464 0.018813013376509334 0.018813013376509334 0.041384942340013005 0.0927015804062971 0.21286524699356413 0.36291180070527546 0.6660983465500638 0.680669680702493 0.9467114062841464
256 2560 0.6386704552324258 0.9500121513615939 0.017991293966106606 0.017991293966106606 0.03838956510633956 0.09204875901057752 0.21459704647491712 0.36376384426650293 0.6706014055973147 0.7326635014549024 0.9500121513615939
257 2570 0.6809331754678329 0.9335912149284515 0.017513944616948506 0.017513944616948506 0.03710663374730589 0.088646909314259 0.20900745858844608 0.3687261107715782 0.662962963811526 0.7621616268945676 0.9335912149284515
258 2580 0.7619153650033224 0.9275071011251282 0.016839042531198643 0.016839042531198643 0.03585510772552691 0.08765173236933996 0.21208597630117543 0.3846661344191852 0.643918536207685 0.7665562116977438 0.9275071011251282
259 2590 0.7567314638468431 0.9483538196740097 0.01668811926317266 0.01668811926317266 0.03259218508236981 0.09013315915842744 0.20971899478604944 0.3903995402099086 0.6544675764883372 0.789170167217009 0.9483538196740097
260 2600 0.7432664829187106 0.993038660234611 0.016377937537093375 0.016377937537093375 0.030798300146949106 0.08956325048047642 0.20868305057018352 0.39097988436348646 0.634329796771917 0.7902971190900467 0.993038660234611
261 2610 0.7433857601342304 0.9897190652069917 0.015830205862962875 0.015830205862962875 0.030223518423369043 0.08925721513959117 0.2055653004341802 0.38255398132906443 0.6198825043904977 0.8028860882058222 0.9897190652069917
262 2620 0.7776644743664378 0.9920933620590433 0.015651806422434054 0.015651806422434054 0.030184227174948085 0.08955615300778197 0.19592540917054851 0.35082960098869814 0.6249416420046942 0.824913993115557 0.9920933620590433
263 2630 0.8607645264966552 1.0308675977288322 0.015444298649973397 0.015444298649973397 0.028549125680368125 0.08740546290539768 0.19811747941137559 0.35107204784903623 0.6214260439799436 0.8252697145095197 1.0308675977288322
264 2640 0.8096472014677633 1.1704706794809039 0.01463466058657401 0.01463466058657401 0.028383763602791177 0.08544875090319352 0.19597492932510477 0.3451273185643753 0.6019332808373116 0.8240300017070816 1.1704706794809039
265 2650 0.8116357160876276 1.17330808131224 0.014214158795274157 0.014214158795274157 0.027387602283131522 0.08303527450115396 0.19448826082990037 0.3464995666292048 0.5873977355704801 0.8190816269409411 1.17330808131224
266 2660 0.9562782044102388 1.1525264422935644 0.013451093002126841 0.013451093002126841 0.02683767944372311 0.08356441048076652 0.19057710989159227 0.34009589613689895 0.5869699560542764 0.8574935746260582 1.1525264422935644
267 2670 1.1441085497567829 1.1944713457321738 0.013417363684765224 0.013417363684765224 0.025275413235420225 0.08301661763892208 0.18558387311263116 0.34382373239480946 0.5877239207204005 0.8800357250307709 1.1944713457321738
268 2680 1.213177687037532 1.213303286865537 0.01305770845987562 0.01305770845987562 0.02540435840292093 0.08335329604831733 0.19207600429974298 0.34136465053019666 0.5598326217401792 0.8720590318470448 1.213303286865537
269 2690 1.2649793213649325 1.1405124587312594 0.012894834686509718 0.012894834686509718 0.02443091503708836 0.0837669823559832 0.19312589756114387 0.32743563473742693 0.588591825618915 0.8676951804741304 1.1405124587312594
270 2700 1.231237139052167 1.1286422502561102 0.012208117820753766 0.012208117820753766 0.023940540285501476 0.0835429361237929 0.20049756513399558 0.32264886862289477 0.5821441003883273 0.8118712547077149 1.1286422502561102
271 2710 1.3638236743424172 1.1327129100080469 0.011801624172219251 0.011801624172219251 0.02180134744589893 0.0844920325951632 0.20544498032158923 0.3173840340696052 0.5691378080753718 0.8224397015523081 1.1327129100080469
272 2720 1.3110314870805417 1.1233064966638306 0.011702000809223352 0.011702000809223352 0.021752213448462517 0.08310639030976363 0.22120827940526896 0.31957919972461624 0.5473783443287225 0.8141466574392137 1.1233064966638306
273 2730 1.2706222232583066 1.1241718129900407 0.011491263281960958 0.011491263281960958 0.020840117860204878 0.08180342683092091 0.21948817534930717 0.3119277864523532 0.5465302769311798 0.8161441597589482 1.1241718129900407
274 2740 1.263853501854954 1.1095298072887565 0.011432585178924813 0.011432585178924813 0.01933960012311389 0.08200529325704892 0.22096802372505903 0.30963213533013606 0.5495894013773833 0.8039811037536482 1.1095298072887565
275 2750 1.2643661818236642 1.1044177999491136 0.010978581138124513 0.010978581138124513 0.019202458821975594 0.08118271488335936 0.22205647308364812 0.2990587858281059 0.5577211039282399 0.7862449347606821 1.1044177999491136
276 2760 1.257215015682803 1.1071267246179688 0.010911988362667357 0.010911988362667357 0.01925629649953507 0.08189267545343262 0.20883119808412356 0.3073593628245613 0.5507013443225646 0.7864102061518805 1.1071267246179688
277 2770 1.193195438950487 1.1122151938456428 0.010285935582552877 0.010285935582552877 0.01867046326825607 0.08330998394725893 0.2067295837794284 0.3110706960035421 0.5575823196182527 0.7817452182716144 1.1122151938456428
278 2780 1.1407836999603107 1.0374627375338532 0.01037660536655054 0.01037660536655054 0.018013187349051732 0.08466088733445482 0.20626986815500306 0.31447772193582435 0.5537806229524542 0.75423082968825 1.0374627375338532
279 2790 1.060339758829681 1.0484093834756585 0.010189357677378278 0.010189357677378278 0.01702694685178762 0.08396908611191313 0.19920259932309245 0.30848813123464386 0.5848826687016079 0.7571461304384277 1.0484093834756585
280 2800 0.9909317924517487 1.0508673077619664 0.009508628207273955 0.009508628207273955 0.016686699035502576 0.08241998244254782 0.19745164259529896 0.3078507715899091 0.5887463162313622 0.7519652674776267 1.0508673077619664
281 2810 0.9572906812874247 1.0400255982097157 0.009319118060648026 0.009319118060648026 0.01587463278658792 0.08204089540497914 0.1923975152625809 0.28861431970971974 0.624308897336428 0.7539806767700244 1.0400255982097157
282 2820 0.9859271085501685 1.02520749600831 0.009080327647731212 0.009080327647731212 0.015900848997311354 0.08110170715640395 0.1854371321876244 0.28701656369754486 0.6301767082821966 0.7586890347162351 1.02520749600831
283 2830 0.8449273614618169 1.0040178817374201 0.009460836262996231 0.009460836262996231 0.015751556817337132 0.07598145964040233 0.18710397146268848 0.2825769589507547 0.6409510447445436 0.7732397148195908 1.0040178817374201
284 2840 0.779396707500717 0.9669965623504327 0.008857871967623566 0.008857871967623566 0.015597973210292018 0.0756059915856292 0.1895970945389456 0.275930126305705 0.6494826512295866 0.777106908284318 0.9669965623504327
285 2850 0.7162604347876136 0.9562460077382191 0.008821365811278068 0.008821365811278068 0.014716246316911555 0.07269766266068986 0.19164218961785054 0.2709600204597236 0.6390996774525812 0.7670491139794506 0.9562460077382191
286 2860 0.6850344050394755 0.9422584345127492 0.008574634804724668 0.008574634804724668 0.014738691298502096 0.07363312148938458 0.18632484969959792 0.2632301097828919 0.6440473077152814 0.7688834107251866 0.9422584345127492
287 2870 0.6180498978199789 0.9459707906225749 0.008149584229032647 0.008149584229032647 0.014337696653012037 0.07240197953496733 0.1840733603371653 0.2653962919671385 0.6561094175417687 0.7440096179051197 0.9459707906225749
288 2880 0.5413022349285626 0.9463749756325521 0.008184718288815247 0.008184718288815247 0.014007927978803219 0.07109315588560074 0.1809625805419455 0.2556761897210179 0.6366920871434381 0.7495169712507186 0.9463749756325521
289 2890 0.5480750222091276 0.9348559753094622 0.007628510795798596 0.007628510795798596 0.013363741685815698 0.07103691455180135 0.18119273942693828 0.24966567761199157 0.6332934953501861 0.7438773835343451 0.9348559753094622
290 2900 0.4872294343663036 0.9132169337888808 0.00744376989964051 0.00744376989964051 0.013112216518898118 0.07000939026180668 0.18934268877382263 0.24305445387428595 0.6325292152186224 0.7415250002039036 0.9132169337888808
291 2910 0.4302288746232026 0.9106326246886677 0.007245140235102806 0.007245140235102806 0.01279175283730071 0.0703049288298163 0.18877179483551235 0.23267126528580662 0.6131450280819322 0.7407887439974136 0.9106326246886677
292 2920 0.36319621734522006 0.8864442693195698 0.00674888738272885 0.00674888738272885 0.012483387305728129 0.07085177734873888 0.19022257218634522 0.22321797093978002 0.6240699515562734 0.7437507522028304 0.8864442693195698
293 2930 0.3351848201594263 0.8931280135916797 0.006628148085210313 0.006628148085210313 0.012395031408042642 0.07199496952945354 0.1825266994952081 0.2136290831211952 0.6215062010348543 0.7120939322257754 0.8931280135916797
294 2940 0.29567553320544804 0.8944673318737446 0.006321724878142349 0.006321724878142349 0.011687651435232534 0.07172752899149794 0.17761481184378305 0.21906930246842038 0.6188859350780509 0.7058223248388658 0.8944673318737446
295 2950 0.2620820755151595 0.8991360538031332 0.006230541205932396 0.006230541205932396 0.011587517037719432 0.0702816406102812 0.17320388697713374 0.22078491688383997 0.6024311877134783 0.6705299191445839 0.8991360538031332
296 2960 0.23179023373028962 0.8922503685437081 0.0060660334742918065 0.0060660334742918065 0.01130975945104002 0.07073656187462646 0.17029362959791022 0.21341169407668983 0.5709187438689128 0.6746855017174298 0.8922503685437081
297 2970 0.2006754437856788 0.8898324249991627 0.006081103361993865 0.006081103361993865 0.010956858530583837 0.07058608154655709 0.1688734640180741 0.21196235186501727 0.5540166062869595 0.6612897660604833 0.8898324249991627
298 2980 0.19487878598321168 0.8860757267213383 0.005682581331351247 0.005682581331351247 0.010551104937748398 0.07049683716595426 0.1634782528583843 0.2092599530863957 0.5506339773426147 0.6713014381933478 0.8860757267213383
299 2990 0.17330141982698324 0.90214857498089 0.005623941711853797 0.005623941711853797 0.010501652487926498 0.07004196074800871 0.16005240974770107 0.20889400494183982 0.5306962930123189 0.6602954242371489 0.90214857498089
300 3000 0.15101068189354885 0.9029673343994095 0.0055090803216517464 0.0055090803216517464 0.010390482163886534 0.0694224294737336 0.15469347075720222 0.20768831641361166 0.4972454792437437 0.6555224202454639 0.9029673343994095
301 3010 0.12741466051841077 0.8828352532960893 0.005513965543436154 0.005513965543436154 0.010074790997523647 0.0687606549376046 0.15166138700997062 0.20289837999441748 0.4874761601540148 0.6390562908301721 0.8828352532960893
302 3020 0.11175025134956992 0.84774191626121 0.005378344735431997 0.005378344735431997 0.010031683666984554 0.06850737941616725 0.1488804145931195 0.2020091689343435 0.44958793554724197 0.6377399636425086 0.84774191626121
303 3030 0.10237444059625066 0.8355675529479056 0.005101813463124395 0.005101813463124395 0.00940068386044749 0.06874144088918134 0.1464230203791009 0.19967651584746873 0.4548861762094374 0.629095156731538 0.8355675529479056
304 3040 0.10392928895583385 0.8526678690414765 0.004979125812481061 0.004979125812481061 0.009259879092726768 0.06811426980276215 0.1478962875456494 0.19416091465385885 0.44172691546215337 0.6067856411820466 0.8526678690414765
305 3050 0.09565402831516408 0.8698972945188649 0.004860449652104888 0.004860449652104888 0.008998131334212673 0.06967599810107972 0.14530183867260543 0.1977051321857151 0.4224877578051531 0.6373297425971195 0.8698972945188649
306 3060 0.10435131387330092 0.8406844136406035 0.004793394959633933 0.004793394959633933 0.00891755093310747 0.06957440034978217 0.1457518838512717 0.20036539618770513 0.40950444008545794 0.6088454288296958 0.8406844136406035
307 3070 0.10642061019561884 0.8115269073805169 0.004680653909588531 0.004680653909588531 0.008830709919204016 0.08031000933029829 0.14256910077790674 0.1986716721684758 0.4037321594031601 0.6231837539976326 0.8115269073805169
308 3080 0.1032312977513507 0.82248525477816 0.00462955930951495 0.00462955930951495 0.008626418741940936 0.08049125099352214 0.13972028517271928 0.19609322955186964 0.3981276770488042 0.6237247209369621 0.82248525477816
309 3090 0.10249213503857217 0.8128838824116902 0.0044506697477587 0.0044506697477587 0.008860883935913997 0.07942305849633316 0.13758092075792333 0.18923863358085127 0.40728847323541073 0.6301761598218331 0.8128838824116902
310 3100 0.08863977344437095 0.8213355390775559 0.004353088592733643 0.004353088592733643 0.008803859310948159 0.07872907769449991 0.13377590335154627 0.18895402546477952 0.41683798645285586 0.6083228474582578 0.8213355390775559
311 3110 0.0851544383630451 0.813168798277646 0.004242557192664565 0.004242557192664565 0.008795149846203951 0.07396670125906708 0.13299742558592353 0.18566927941631148 0.4043009696998808 0.5938092432568429 0.813168798277646
312 3120 0.0754533781907142 0.812805038925509 0.004067067592093279 0.004067067592093279 0.00867576324819879 0.07189446295529742 0.13153620893944634 0.18145770137964928 0.40399731176601134 0.631583894881111 0.812805038925509
313 3130 0.07031380803132403 0.8057112541099553 0.004006853233199138 0.004006853233199138 0.008447422303322122 0.06972429100269056 0.1296326333398282 0.18588573636426794 0.4109775695562498 0.592161337063068 0.8057112541099553
314 3140 0.06786798829924742 0.8048339241978526 0.003940235405957957 0.003940235405957957 0.0078375560863313 0.0702362642540808 0.1278139784746949 0.17957120903802495 0.4112543508403862 0.5962019591061549 0.8048339241978526
315 3150 0.06307535407626755 0.7765969062352225 0.003959448833418153 0.003959448833418153 0.007554823134294928 0.07046747148080795 0.12778220343665608 0.17899778958747364 0.4005587998823317 0.6139641455813861 0.7765969062352225
316 3160 0.05931757626010283 0.7611236438819552 0.003648421123536583 0.003648421123536583 0.007083158863555362 0.07005859203482082 0.12799888487457733 0.18296718787404875 0.39839667078802754 0.6212467651646882 0.7611236438819552
317 3170 0.052826072405233876 0.7659632754144349 0.003483864670617032 0.003483864670617032 0.0068664673283686545 0.06992848275886682 0.1271341534435448 0.17866132398658974 0.39266293371843736 0.6197186213510909 0.7659632754144349
318 3180 0.046963922100220955 0.7615783186537012 0.003444255736693044 0.003444255736693044 0.006649502205045621 0.07096072257800155 0.11740837902238757 0.1732403549497126 0.38986827707160543 0.6257707278670805 0.7615783186537012
319 3190 0.04223897071753239 0.7386384156409203 0.003427590660459938 0.003427590660459938 0.006320445319033183 0.07046549329139547 0.11172631499369981 0.1729371751185958 0.39227842458834256 0.6217540073941612 0.7386384156409203
320 3200 0.036511528511486785 0.7238217257905118 0.0033715377472291843 0.0033715377472291843 0.00611113158226776 0.06822899027935145 0.11018122580087791 0.17333343253274897 0.3960440741719018 0.6144593763337514 0.7238217257905118
321 3210 0.032258107292339834 0.7328550257090645 0.0031621917275810076 0.0031621917275810076 0.005999619768437763 0.0686837035385924 0.10733265032930955 0.16874228427925553 0.3904489432681903 0.6011481388991141 0.7328550257090645
322 3220 0.03003031101783044 0.7254355420704833 0.0031390845365280146 0.0031390845365280146 0.00592971314069727 0.06679107965248764 0.10748311190450556 0.1618126151058798 0.38713722888380164 0.5799102916991192 0.7254355420704833
323 3230 0.030399270403789452 0.7295379978391058 0.0031130479109558397 0.0031130479109558397 0.0058064508716209875 0.06577231478892952 0.10747245924526556 0.16129084295098137 0.377298226389438 0.5680670490368918 0.7295379978391058
324 3240 0.02812582450927356 0.7376345599168793 0.003109001501228972 0.003109001501228972 0.005245416931605086 0.06586410145440871 0.11540796921266892 0.15887271560039598 0.37887706213106137 0.550247165158059 0.7376345599168793
325 3250 0.024400748418442895 0.738701047669235 0.0028890674599643656 0.0028890674599643656 0.005184766886305714 0.06625896178284417 0.1151550360765184 0.15245077741634505 0.36958923971990176 0.5414197876217214 0.738701047669235
326 3260 0.02272066014858089 0.7324787389642009 0.002703741028586245 0.002703741028586245 0.0051908488872509035 0.06489319666713311 0.11091638727732053 0.15354626709844454 0.3697300215197692 0.5334979327223109 0.7324787389642009
327 3270 0.02102894550774027 0.7270197027699373 0.0027431599119964356 0.0027431599119964356 0.005159530547377298 0.06470196753940938 0.10572688057962551 0.1504441145384339 0.3670385277039803 0.5174651995605184 0.7270197027699373
328 3280 0.01890138559242635 0.7165554729116396 0.002652086219229906 0.002652086219229906 0.0048035246756471355 0.06291737260288967 0.10513328636595788 0.15094280133866225 0.36660187447538567 0.5186796955384986 0.7165554729116396
329 3290 0.017122852492522513 0.7297654125779395 0.0025601415148458497 0.0025601415148458497 0.004825183971093062 0.06352942186928694 0.10473169522812714 0.1505234819873065 0.3358398983764428 0.5008834551584346 0.7297654125779395
330 3300 0.01655714573041825 0.7121759351665276 0.0024972500517315022 0.0024972500517315022 0.0048201328439714435 0.06347944035586546 0.10363695073607229 0.1453088978897445 0.3306759891639422 0.49404522527342454 0.7121759351665276
331 3310 0.017251844496563733 0.6952617711534671 0.0024774654352357184 0.0024774654352357184 0.004845529138396542 0.06452922591047386 0.10288307108368813 0.14217929757476092 0.3284062601666021 0.4764611121849237 0.6952617711534671
332 3320 0.016333053628855388 0.6871024674359187 0.002422952366114895 0.002422952366114895 0.004812071491101208 0.0656075692900479 0.10241498043850346 0.14501711013825216 0.31804477916859686 0.48060732187167077 0.6871024674359187
333 3330 0.013627365272078184 0.6736513443389851 0.002299189220168464 0.002299189220168464 0.004718863579519303 0.06661791050842841 0.10058808036115832 0.14240335752225727 0.3148254821984678 0.48184973094611677 0.6736513443389851
334 3340 0.012977065644933521 0.6782581044256101 0.002202845338139679 0.002202845338139679 0.004775895496637313 0.06562419181298863 0.10011631271100335 0.14136485566176082 0.2947949369410418 0.4693445692892596 0.6782581044256101
335 3350 0.011968839474580191 0.6630745203283664 0.002189750558374124 0.002189750558374124 0.004424126880322368 0.0653158818790067 0.09963379602564261 0.1508036063706891 0.2899999083320338 0.4654471451491355 0.6630745203283664
336 3360 0.01074905732618635 0.6466461797958439 0.0021173314737716626 0.0021173314737716626 0.0044152390716723135 0.06390486775699593 0.10055222821734978 0.14803129329235448 0.28732680006140254 0.45686540643311097 0.6466461797958439
337 3370 0.00996131823029868 0.6418666072054314 0.002098359241583104 0.002098359241583104 0.004426252477296836 0.06418341028642222 0.09276571067710192 0.14327892112340657 0.2878880025485281 0.45858634736894477 0.6418666072054314
338 3380 0.009322642513760226 0.646600680027712 0.0020639348195439565 0.0020639348195439565 0.004252531613333948 0.0628463546738914 0.0929289039019775 0.1356395881397026 0.2882532174625809 0.4593891081338162 0.646600680027712
339 3390 0.009151331179994076 0.6459984289140335 0.0020781381937543244 0.0020781381937543244 0.004216535385271371 0.06510065666222364 0.08925973284964799 0.1353155093079256 0.28091833953547435 0.4505522737020886 0.6459984289140335
340 3400 0.007904986888632464 0.633315340199505 0.002040791582043748 0.002040791582043748 0.0041690368009419465 0.06572466098949167 0.0893198139299109 0.13284352159447493 0.27551100341515283 0.44082925462465 0.633315340199505
341 3410 0.00759527445776867 0.6386339021311895 0.0020349141186800208 0.0020349141186800208 0.003975693024281437 0.06472553852493655 0.08830060857583712 0.12276045664768151 0.27969018337981805 0.44112671550381327 0.6386339021311895
342 3420 0.007042077686807247 0.639538247171192 0.0020443360975964725 0.0020443360975964725 0.0037118160140503357 0.06557150514243573 0.08597860310875849 0.12274631472201591 0.2780484131140827 0.43426341786264566 0.639538247171192
343 3430 0.006744176389608656 0.6293766498920922 0.0020254282165614104 0.0020254282165614104 0.0036470828272823696 0.06578426399873646 0.08654406502561386 0.121154517045023 0.2611308212721751 0.42421186745540435 0.6293766498920922
344 3440 0.006426916932669311 0.6305094233955602 0.002073445523850385 0.002073445523850385 0.003602740118807872 0.0662383274296289 0.0800073621129156 0.1206735808864833 0.24932389659555731 0.4251656448348387 0.6305094233955602
345 3450 0.006304255597968018 0.6278358402756483 0.0020662952633871134 0.0020662952633871134 0.003578749877434706 0.06460370632031583 0.07997317124830408 0.1195837830411919 0.24421260774217635 0.40275061531815665 0.6278358402756483
346 3460 0.005724696563274606 0.6278978823309398 0.001997826844801044 0.001997826844801044 0.003572780230249936 0.0645203593619862 0.07777968115669963 0.12368673685675419 0.2351365933167968 0.38987082131911244 0.6278978823309398
347 3470 0.005110437686261686 0.616500162426704 0.001984003647414289 0.001984003647414289 0.0034883615601515095 0.06229289471256309 0.07825636637900957 0.11689635149519963 0.23621241162153245 0.38796558400046716 0.616500162426704
348 3480 0.004308148644128961 0.6058751633356985 0.0019100048424533303 0.0019100048424533303 0.003424492230708236 0.0616768991737711 0.07752567886720022 0.1169131555925264 0.23105492139362918 0.3848959111455827 0.6058751633356985
349 3490 0.0037747084288476244 0.5942415863519696 0.0018782325529249154 0.0018782325529249154 0.0033741616772260674 0.06000797728442692 0.07507849909181445 0.11251934038843565 0.2280597438646201 0.3838525862651697 0.5942415863519696
350 3500 0.003470968639693511 0.5976365721078482 0.0019281194013805218 0.0019281194013805218 0.0033087242857872843 0.059966248528557094 0.07295682186411331 0.10667521912618787 0.2131098973199936 0.38599593018941963 0.5976365721078482
351 3510 0.0031167468183861654 0.6022052318550338 0.0019387155914163724 0.0019387155914163724 0.0031725418515462242 0.0577575719097637 0.07235308848991151 0.10717666105567114 0.2051128996591379 0.38232434303340274 0.6022052318550338
352 3520 0.0027330691049912083 0.5870470653780565 0.0018547997838078908 0.0018547997838078908 0.003157391930531332 0.05572885788552704 0.07212276851979467 0.10836784193853786 0.19896011005566464 0.3748225347009405 0.5870470653780565
353 3530 0.002504441262773026 0.5912484745624176 0.0017998121566089858 0.0017998121566089858 0.003141158659368625 0.05785454110894615 0.0722697028544466 0.10621508461682244 0.19760092498940818 0.3618885465686417 0.5912484745624176
