% # columns="iteration, evaluation, sigma, void, void,  stds==sigma*sqrt(diag(C))", seed=462088, Wed Apr  8 22:26:20 2020, <python>{}</python>
1 10 0.4619055457827823 0 0 0.42862082940733454 0.46370987572267475 0.4618021391444961 0.46368838595864076 0.45097806095701015 0.453862260916518 0.47548094812152286 0.4632711751740805
2 20 0.4435664868813945 0 0 0.43529496970705783 0.4411991073517864 0.4297162469575077 0.43146540989692284 0.4286155505702525 0.41311410243802704 0.45090371170668936 0.44415412341814103
3 30 0.45642338537375193 0 0 0.44845120396164706 0.45435064523212587 0.43636232761090193 0.4510237499449568 0.4397109411573428 0.42801786879050496 0.4708029734724344 0.45358493000949973
4 40 0.4592609036559382 0 0 0.448163851718218 0.4572825043656532 0.43870373606641344 0.46364190078467254 0.46510442297489857 0.4280789736648938 0.45492873168706155 0.4370726552033956
5 50 0.4857418249360135 0 0 0.4619861813398307 0.4797679791577263 0.4526705494612385 0.48426664479779485 0.5057046531259509 0.4524873229582287 0.4799006536900358 0.4671600195197429
6 60 0.5189841880887417 0 0 0.49935522630204 0.5337890061099803 0.4547006844025281 0.5674833023886731 0.5312102526832557 0.48638835272952635 0.4890970246810713 0.4920311696615696
7 70 0.5604937269047678 0 0 0.5539883728635181 0.6022440989460801 0.4785652899546221 0.6213626989855006 0.5815021963252531 0.5217832864096601 0.5018339408504011 0.5277469141205817
8 80 0.5059506227357847 0 0 0.4963049597537776 0.5430199467179736 0.38885632218316407 0.5622219709888845 0.550736154647351 0.46205458692690027 0.446641071064567 0.46134520538788876
9 90 0.46161246381664933 0 0 0.4477281165610839 0.4939546560528386 0.33930522641483946 0.4912073539416731 0.5009607564563582 0.41410841349778527 0.4039649272690361 0.4325541125907566
10 100 0.42133007384055043 0 0 0.40251228116653204 0.44901385500947893 0.28441791034324704 0.445358768027585 0.4625381148977709 0.3733857538310021 0.3627133073938221 0.3998520455635357
11 110 0.38193735578906957 0 0 0.35154973260813693 0.41695392912363327 0.25443789039282777 0.4043325981712594 0.4220141662506624 0.33642619612066754 0.3138639324164968 0.3501211017981455
12 120 0.36570319235021426 0 0 0.33896858985631717 0.40519873802568757 0.2403718229985464 0.37536427873999073 0.4051601471989505 0.3305137544087714 0.2928579551856969 0.33370607959890525
13 130 0.35887352845942433 0 0 0.33361669745779077 0.3976530439507369 0.2325689427130693 0.3666266660288771 0.4007835502987333 0.3169742384650828 0.2787829187645352 0.32530492928463145
14 140 0.4141462397187484 0 0 0.36649751236876243 0.4572523433194042 0.26354751725343495 0.4379512169304737 0.5160581139362314 0.382224928816463 0.30054726764435363 0.3765317991738025
15 150 0.4897737259824106 0 0 0.44372896164171893 0.5272298015617936 0.2979872826830377 0.5243560474230312 0.6418623070934022 0.4507107703854803 0.3666981829010778 0.43321721074552433
16 160 0.547795113421894 0 0 0.47544576261070387 0.6019721467995236 0.3318287814824226 0.5799833602114997 0.7299655640574321 0.5178565250866485 0.3952786409672185 0.48389941404548154
17 170 0.5891975098086752 0 0 0.5163216665132797 0.646897195024833 0.34805525705442636 0.6287105682739582 0.8119597841695726 0.5540617175770659 0.390635119726949 0.5426631221558881
18 180 0.5588549089325705 0 0 0.4865423518007718 0.6010728342563793 0.32295334804019205 0.5925984346356794 0.7692877876429578 0.5143596616175881 0.3630973537656822 0.5110368725664252
19 190 0.5483982526019049 0 0 0.4889024885528283 0.5892805784950871 0.31764839444461945 0.5764617531787138 0.7522931458647505 0.5006099091591432 0.3492571828016514 0.47221417310250297
20 200 0.5799985193902363 0 0 0.5272345996173831 0.6275472588928127 0.3203026187431853 0.6259447961267516 0.7820830308843486 0.5260786342107543 0.3781536961389196 0.4892959397264025
21 210 0.6220399388424087 0 0 0.5864904561789308 0.6749873332094674 0.33021915543996777 0.6599709805851939 0.8267512204511887 0.5773308964672158 0.4137385905916781 0.5289340395105478
22 220 0.6471073613017571 0 0 0.5902154843151411 0.696185631305543 0.33745115239247575 0.7070180646940206 0.8884768565309887 0.5994653825345281 0.40712289207588065 0.5625847290777944
23 230 0.6215496450392172 0 0 0.581607185608174 0.6680719259385758 0.3212216342331722 0.6887849448988617 0.8299519386612985 0.5673548587288789 0.38004202165502665 0.5467422452719451
24 240 0.5729676106334753 0 0 0.5381146289372732 0.5991929469176975 0.28259653076071245 0.6306600866630669 0.7712331430511468 0.5096359683379974 0.3446884842373323 0.4935658748002129
25 250 0.5971524828566889 0 0 0.5861059951413702 0.652600533622868 0.2638468092186388 0.6863320202203882 0.8097903889424803 0.5386836406595028 0.36025720398783806 0.520536939937556
26 260 0.65370010362686 0 0 0.7176526309841981 0.7154602119033024 0.2731821033408965 0.7707339285914898 0.8823920040245942 0.5947544197906899 0.3869555013970646 0.5787043436801079
27 270 0.748328661774662 0 0 0.8666940179462753 0.8177906899336551 0.3016950200061227 0.9024959490318795 1.024748062137355 0.684809225633459 0.4239908665231194 0.6958209607666326
28 280 0.7958461239301828 0 0 0.8824996320270391 0.854221628978823 0.3138731048236921 0.947627264119446 1.2013240010075554 0.7282070399207393 0.4277217878723929 0.7505243907504794
29 290 0.7845671352676976 0 0 0.816032410031079 0.834981128483737 0.2898351206248658 0.9628351268610152 1.2109650354745112 0.7352390838843095 0.41702349861351834 0.7285191091636753
30 300 0.7478182253419697 0 0 0.7713086445989709 0.7843431371579308 0.2599375679624857 0.9239793823751716 1.140983096623808 0.6946485843195859 0.40583503360888523 0.6948476026702548
31 310 0.6979478101773492 0 0 0.7039945339912465 0.7237284735873413 0.22580493559002446 0.8435008059438619 1.0264249372284828 0.6411592954926052 0.3777343022379079 0.6639108717602357
32 320 0.6330341018433453 0 0 0.626245375941892 0.6506566903713334 0.20051938257558918 0.7617842173864632 0.9046429729599311 0.5747354841895329 0.33144424373697673 0.6018888553528997
33 330 0.5991362805046785 0 0 0.5843138331730839 0.5897481392826566 0.18865092699149316 0.7144013291922139 0.8502065930170198 0.5618794709101922 0.3072018697442176 0.5731814975642902
34 340 0.5556893420930135 0 0 0.5459743034295701 0.550213560116708 0.16945885927887758 0.6664135443894307 0.7602846253028406 0.5145626267589187 0.2911608932901321 0.5362392846733747
35 350 0.5214761158267971 0 0 0.5013103953112726 0.5087701113531855 0.1581766672240503 0.6147259384780286 0.7343441415246045 0.49229321475244087 0.27935853903202734 0.5001530944962199
36 360 0.46570516866363293 0 0 0.443278487180074 0.45127140829978307 0.13332022751224318 0.5300945807984745 0.6306662625520454 0.44743373098954015 0.2570460161188343 0.44639874965071846
37 370 0.4785630311668169 0 0 0.49040810255296485 0.46132951193956123 0.13140002945552828 0.5243834411104348 0.6310974689944714 0.45250884508007155 0.2774745557092067 0.4576456352742132
38 380 0.581428226151232 0 0 0.5968456962678945 0.561316423270465 0.158258457318922 0.6249764008480051 0.796128046172212 0.5504598097097223 0.3353501148329879 0.5664037235351872
39 390 0.6394416250887393 0 0 0.651999362065921 0.6184668891711625 0.17523067565449732 0.6656016427239487 0.8770693350591003 0.6630468270765192 0.3575997125421057 0.6214618324174714
40 400 0.6845160516828032 0 0 0.6932075087501922 0.6792731425606345 0.18339383040257934 0.7221457168633131 0.8973645549736032 0.734244937897789 0.3924994497635737 0.662274338951336
41 410 0.7672248635111135 0 0 0.7737697202975409 0.7320138859708425 0.20807070026163935 0.7920285408305662 1.0162960672043395 0.8347114970602891 0.4487474019371401 0.7434826049035399
42 420 0.7642867887100794 0 0 0.7646843841212869 0.7232403125836943 0.1949479091738 0.7943143387862809 0.9756186166830761 0.8421934746401851 0.4569537314081271 0.7410813287259372
43 430 0.7949883767353537 0 0 0.8059252886924074 0.7116680618243927 0.19732080538417335 0.841853827470161 1.0243811909292977 0.9120833671759225 0.4534651887604138 0.81256424581107
44 440 0.8242337538131113 0 0 0.8244858927342718 0.7389129602834776 0.1969664148434509 0.8859142540101356 1.0467700285452641 0.9790054457174396 0.47042206818753507 0.8177535182248162
45 450 0.8399428394519501 0 0 0.8389939036933796 0.7368545847032353 0.18749494589958338 0.9147957120996589 1.070027516276824 1.0118627854424702 0.5048768107687178 0.849377335778625
46 460 0.9187385667178918 0 0 0.9334545405443228 0.7800960924775189 0.20225252624968426 0.9799465476393653 1.261108112357402 1.1360052592566403 0.5908224774321189 0.9080030942972048
47 470 0.978136330501426 0 0 0.9849235391516664 0.811878486017234 0.20779989253762032 1.0504748568786424 1.3791541208797276 1.1930723198638205 0.6622796833870217 0.9418491815227558
48 480 1.1664452180099656 0 0 1.1937566732784566 0.9801369152212434 0.24885981117185824 1.298815694977662 1.7043372372003962 1.3529956768666593 0.8228054343540633 1.1213152845556613
49 490 1.239050059735901 0 0 1.232964288092727 1.0377414259694486 0.25967544171668144 1.3923324687205756 1.7965108720699436 1.4349792775961479 0.9084020957251208 1.154230362378245
50 500 1.164385843248421 0 0 1.1193380855984585 0.9652900882395253 0.23528631733804628 1.3085242676879072 1.6872479631765998 1.393478631604199 0.8819753585010799 1.0449656012060018
51 510 1.0622815421015046 0 0 0.9630356840101836 0.8791331958878473 0.21208666944667764 1.1880473596056838 1.5418406695265763 1.2527404951584442 0.81814999870615 0.9507285550432938
52 520 1.1003765196788526 0 0 0.9857543278178754 0.9163297255984852 0.21972305334139883 1.2190349406208367 1.5469802924886558 1.2741037285739136 0.9143568530874134 0.9622529597163028
53 530 1.0543493491178546 0 0 0.944314254425224 0.8551963892957609 0.2002099904178769 1.1665002913748268 1.5026276562082785 1.2104823234892026 0.8607968343306566 0.9031779241571188
54 540 0.9574517860134967 0 0 0.8136064276690813 0.7667533742040725 0.18122999443947377 1.0587099555129007 1.3616570264645118 1.0839984401457283 0.7298593198239788 0.8261500565756318
55 550 1.008085436274393 0 0 0.8464854956808585 0.7866387095783915 0.19509790410292155 1.0685718820188483 1.453215890508988 1.1215710370530734 0.8163423690533079 0.8689811218608783
56 560 1.0609846681518575 0 0 0.9050617790415229 0.8253915865136675 0.21298921563679132 1.064441750727625 1.5199343342628147 1.1544487838442252 0.9333834808456408 0.8852536505119275
57 570 1.0251739317273143 0 0 0.8929549600524638 0.7407928093070507 0.20473283676581686 1.0305431993653575 1.4476227808865687 1.0940068405465466 0.9005569937422436 0.8661307276447053
58 580 1.0519529150938205 0 0 0.9347183293729585 0.7756309622318426 0.2056342536333818 1.0555237810266835 1.434643836054261 1.096051890417571 0.8985102923339053 0.9150205005178217
59 590 1.0834817927700835 0 0 0.9688640711134034 0.8172946764592857 0.2100065121741102 1.090175229066468 1.4338452872497671 1.1019629588638191 0.8830114966021586 0.9440492880213126
60 600 1.1698329575588606 0 0 1.0652184846261294 0.9148670429911472 0.22325345198687996 1.202573424782455 1.518087193360709 1.1836666948768726 0.9360216608924622 1.024285432170261
61 610 1.1827376794732707 0 0 1.0814477482950595 0.9093069049209825 0.21964671532889132 1.215625418467083 1.499629697633061 1.2015864135806051 0.9455078471042341 1.008210336572454
62 620 1.1315856655079328 0 0 1.0014380428265421 0.8817395576647962 0.21146105235208715 1.126168791207786 1.3773215857374828 1.1751704990707954 0.9060989789463426 0.9864061001682984
63 630 1.0884393819117337 0 0 0.9619155141033635 0.847705203317963 0.20558209958456009 1.1463160006357374 1.2676570650902654 1.126998300814863 0.8906936112912912 0.9174245145282965
64 640 1.1347278289354403 0 0 0.9669900289226436 0.8626532460610153 0.21747636180691032 1.2099335943838232 1.3220854743156423 1.1719143552978046 0.9139506194351708 0.9865955410562246
65 650 1.1575992192313984 0 0 0.9922161269577693 0.9037304518989323 0.2123199253692582 1.2931810688452376 1.3162326560125024 1.2227873442720472 0.9335261140901852 1.0218894324665015
66 660 1.101105937781334 0 0 0.9506658581109286 0.903455085658332 0.18947642761340622 1.1936084584906725 1.2527032101816806 1.1438078290864626 0.8869961345635112 0.9866058397217314
67 670 1.2101645070301434 0 0 1.0685118138063965 0.9657019439308908 0.2069108224742308 1.3184733602609728 1.4265638640319545 1.2527184906549007 1.0452256365948447 1.068222301347383
68 680 1.2080185313226377 0 0 1.0642150233964858 0.9737909175415327 0.20611553558884335 1.301704189985328 1.426403453795806 1.2560733524814172 1.009917025166291 1.0601558831771616
69 690 1.1209758518071098 0 0 0.9950554634370669 0.9011105841942864 0.1883642881985729 1.1610856960663614 1.3468399412624352 1.1530679521059997 0.9426726429309347 0.968327641625544
70 700 1.1098949107523735 0 0 0.9206028792478523 0.874187158764059 0.18370827799221606 1.136499664288769 1.3262116161710737 1.1587864276482125 0.9545670903589978 0.9604860032381028
71 710 1.106982035508905 0 0 0.8923644453135787 0.8567010770840657 0.1833211313506823 1.1196234699603984 1.319108858888521 1.1059408411845357 0.9766124713094932 0.9445365962178386
72 720 1.2102448968723822 0 0 1.0252122838733158 0.9151118942871976 0.20441184595638376 1.1875708039296298 1.3631391218261149 1.2107474048893578 1.0621050380438324 1.0749380658417194
73 730 1.2361376333990954 0 0 1.0407130226094157 0.9161354050941858 0.21412347496419254 1.2314168967913313 1.329144777571208 1.2259562988554105 1.1183232147399422 1.0735453841165878
74 740 1.1923059238272482 0 0 1.0002895793536504 0.8698485434924309 0.19014874209908392 1.1790230727016646 1.2816993963090777 1.151160758199427 1.116663283048252 1.0163235761192186
75 750 1.234538585987989 0 0 1.032906586369508 0.917407934770126 0.20286145138137568 1.209204262216412 1.3282498117710733 1.1357421923754005 1.1427635351436671 0.9959124122900482
76 760 1.3030498439128024 0 0 1.080395843519676 0.959781440170134 0.21330029847128334 1.222394785862855 1.3943941286826935 1.1795957910541746 1.2046795421209673 1.2007114593988928
77 770 1.2459293671857574 0 0 1.0076441895057626 0.9124599175747065 0.19496764461043492 1.1690230359575478 1.3315981800083319 1.1037833721622463 1.1182134765604812 1.1355494803138946
78 780 1.139029679236152 0 0 0.910496039191189 0.8346680614881379 0.17610459111422805 1.0605024009421498 1.2321009752943646 1.020477521076236 0.9905448070589793 1.011187846413899
79 790 1.116175723152322 0 0 0.8631119589526981 0.80805093329342 0.16992615000255537 1.038947351700431 1.2055250863041542 0.9879426638399976 0.9596939983078833 1.0012057828986944
80 800 1.3519571696459514 0 0 1.0753428411212482 0.9817821907725675 0.20031596103736815 1.2321721113656783 1.501961690698709 1.203711402480072 1.137323061015814 1.2339405364250224
81 810 1.509578520929772 0 0 1.2146382075742954 1.078752161341055 0.22193218978302506 1.425121115670138 1.6283804562696407 1.3087456317298936 1.287231275879556 1.347191220266592
82 820 1.7474869239665272 0 0 1.3905581240370402 1.2739795623246588 0.24929735137294773 1.6486420623589322 2.0418906421182053 1.5155551881244274 1.670768058345459 1.4957586147521928
83 830 2.011130177759648 0 0 1.5896884273671896 1.5012937397064148 0.2869274108583689 1.9397347924446817 2.4350015477861504 1.730519762445363 2.1593753098600876 1.675339542160732
84 840 2.0786383311224643 0 0 1.5973301396641155 1.546520434923022 0.2993118870294448 1.9942050041147865 2.564163886156347 1.7704360598039612 2.180541392730974 1.7105411233412493
85 850 1.852673648491722 0 0 1.3928185481266389 1.3195574348284198 0.26447208162465347 1.7863140671003672 2.3025638676731854 1.5510241438333001 1.9264959587432982 1.510245874883753
86 860 1.6540792411174383 0 0 1.249788179050876 1.1568489727592426 0.2333852304216585 1.5631752231634493 2.0311240938678465 1.3447787624616487 1.740531925418945 1.305800668665625
87 870 1.712853817270905 0 0 1.2700494794067552 1.1695116524728855 0.2318138212812111 1.6043275266844392 2.1359984092556243 1.3964160481608603 1.834451631289146 1.403013336818937
88 880 1.6909888386412866 0 0 1.3006061122951733 1.1380501003829968 0.22532772908292142 1.6121867722713286 2.020934127355719 1.402035639981373 1.7823014788673195 1.446307828999138
89 890 1.7280189922815794 0 0 1.3838611287931455 1.1285526953576115 0.22824622418252802 1.6337164237404478 2.0170109025008225 1.4797619486433213 1.7602150871141526 1.5240385896408484
90 900 1.7165891720653108 0 0 1.4199733033277184 1.1486719124599114 0.2178344168625253 1.625678881773619 2.016599253266807 1.4946993417658037 1.749445897024125 1.5117086412418528
91 910 1.8376548427875352 0 0 1.5801567902695794 1.191393479749159 0.22359355818994373 1.7583956245753554 2.1522452311213636 1.6123995103341562 1.876176000067308 1.6128766694765995
92 920 1.8775475335144398 0 0 1.6780731208861626 1.2227075006008348 0.22693457047304366 1.7991967605996582 2.1451114887913083 1.6287520889301859 2.041628607548489 1.6709531503514556
93 930 1.7753549582106574 0 0 1.5697942507117628 1.1529171523945014 0.21125633925389642 1.6700006555299105 2.0266091556885164 1.507425072887731 1.9170038988767004 1.5286869642611813
94 940 1.6747521378901629 0 0 1.5271185944433685 1.0831065609107409 0.19272217332047348 1.5357566384513437 1.8713114367339267 1.4252003842761176 1.8251763201543147 1.409137973142287
95 950 1.6576352179430933 0 0 1.4555146407145823 1.133188100464942 0.1893131353796707 1.4795733756364322 1.8313496172786636 1.4283826298868916 1.7710833997903843 1.4067165834884272
96 960 1.6471648523165763 0 0 1.4376871901116461 1.1518419602998555 0.18188620031408215 1.5059138048214211 1.8299035468481215 1.4732977878888005 1.746091906020902 1.3706600888391869
97 970 1.6592894871646853 0 0 1.3873775216718336 1.190529881815089 0.17606097452413727 1.5034383979665382 1.851054777372398 1.558416939887155 1.757605136314515 1.3690729489276527
98 980 1.8007115616490936 0 0 1.5232827743059605 1.2889230329175003 0.1856758733038477 1.614845492702338 2.009696072571446 1.724488685753419 2.011794482006269 1.440519137225148
99 990 1.904150019081606 0 0 1.4950329648196776 1.3532724044437225 0.19735751637438173 1.6737607531516703 2.157816846699681 1.7513376130227525 2.1513830855774527 1.4517279412560562
100 1000 1.923426193940691 0 0 1.5084457631384225 1.3870281320938356 0.20209850464140566 1.67869270739196 2.118531810117289 1.7411213773449217 2.251969482482212 1.4363134585232575
101 1010 1.9480404217853338 0 0 1.5818313631421994 1.4047597749482914 0.20417059280414773 1.6961024094799402 2.1641810545307854 1.8506376196762822 2.265634949010873 1.3792473305760955
102 1020 2.036027197159186 0 0 1.6754767487914848 1.4788077598864764 0.20916208337579342 1.7393363285771377 2.212085334732664 1.9831056835444714 2.3772851456528787 1.4485369096628888
103 1030 1.8297383545744033 0 0 1.5196275342007137 1.319109935392723 0.18402836935182315 1.4601597631639767 1.9247100335831133 1.7764589370672876 2.059693466053496 1.283321365377912
104 1040 1.7225807721104713 0 0 1.4338213082975615 1.2718925059389494 0.16479512973970292 1.3608970342870448 1.8450400529226163 1.733754558580148 1.9437432352953485 1.211523039748028
105 1050 1.5895778711428583 0 0 1.3073068102067331 1.131164024002112 0.14910973453064014 1.194046236572334 1.6842708326562597 1.617009273633995 1.75753583552449 1.059721003520358
106 1060 1.5351709788566077 0 0 1.2780035180497464 1.0840138407707665 0.13550903364641056 1.172227996784856 1.5892778046593417 1.6628137157564635 1.694797495750412 0.9769124572275774
107 1070 1.5317362300095494 0 0 1.2666731005033658 1.0857081650439486 0.13186022769340858 1.167586937151871 1.590300922153391 1.674450244368886 1.7096718659599264 1.0016646152543058
108 1080 1.5145805542022335 0 0 1.2654991750177118 1.0679634377163358 0.1280776180411141 1.1535469615065506 1.536801451230862 1.6525198662308602 1.6742706484527194 0.9844874863772355
109 1090 1.4846682001837799 0 0 1.2646878958229468 1.0436041747799205 0.12240769235179208 1.1326524962816042 1.4999698894248168 1.623356148725059 1.6362475722887422 0.9483733033652394
110 1100 1.5291980017261535 0 0 1.3047152502261412 1.0492577747621799 0.1254927098379422 1.1902978771618073 1.4830133860656907 1.669545292097512 1.5909742091896404 0.9688185559722602
111 1110 1.474583285609436 0 0 1.2216437488597118 1.0122254928220882 0.11829896399479099 1.1305979321554942 1.4410116479177528 1.63752047919048 1.528558714351517 0.9224521973630977
112 1120 1.465948100739919 0 0 1.2054578202081332 0.9934921215503962 0.11872041795309372 1.0746430108483707 1.4288931438096422 1.6895623487181817 1.565620422618324 0.9153074847579342
113 1130 1.5721717860681688 0 0 1.2786820796026737 1.064107715632054 0.12574769222328133 1.1332495459211775 1.5039855643185316 1.8553909632805985 1.687701760360519 0.9528267025565925
114 1140 1.7671147391520456 0 0 1.4311135038990481 1.136538215162272 0.13935276525452936 1.2987715667246669 1.6702665810473805 2.0993914353354706 1.9450516608988724 1.1316122049634818
115 1150 1.7069374544284117 0 0 1.4057421037946891 1.0815414512035273 0.13030021456453925 1.2546385844537062 1.6003535667599096 2.0818435026105147 1.933685305194888 1.0945677461993035
116 1160 1.658745302442015 0 0 1.3711796060352517 1.0614504874875932 0.12445611293928828 1.2116933243938663 1.5578343579311105 2.0444394569291706 1.8994129255301255 1.0296204324700216
117 1170 1.8106773798569082 0 0 1.6025403921553885 1.1848375288946678 0.13216875955805524 1.3581656478494106 1.7455087970566852 2.335322357621283 2.203539457914556 1.1192190762758216
118 1180 2.0170323869976454 0 0 1.885558727923629 1.3836694662005375 0.14062765929772517 1.5094381103946095 1.9424925179156247 2.570570708313127 2.6562125670665564 1.2333529774155616
119 1190 2.3456699427375374 0 0 2.214415115543768 1.5971864733097072 0.16389772386132134 1.80303098302763 2.2508856945881583 3.034979933275341 3.275381792831771 1.406280071188032
120 1200 2.3741977511349304 0 0 2.2356145074811598 1.6419414172801323 0.1635669313466466 1.7984366334566 2.340183474302159 3.102772673354038 3.38138673106798 1.4006644820236993
121 1210 2.2454030123355038 0 0 2.1054828554943326 1.5633868325566131 0.15487768940195518 1.7369372751683698 2.1939666893434397 2.903431157726154 3.1790734551817823 1.2672005089005582
122 1220 2.089329737368424 0 0 1.9146186349168945 1.4506293954377043 0.14504959973012166 1.6014812669508736 2.033719826176735 2.645537991063021 2.873788407387059 1.1894218665984622
123 1230 1.9414421228107968 0 0 1.7785425559589894 1.2719291400688937 0.13324395961017244 1.3729053000405855 1.8291665155447427 2.413257139112022 2.6470672384753873 1.1165638676748892
124 1240 1.9058790431765622 0 0 1.7190399051673007 1.2408670778747841 0.13428504578440634 1.4039632199987813 1.7740397798990715 2.421536314093048 2.613065349288816 1.086129767815943
125 1250 1.8438797317179443 0 0 1.657003424101026 1.2042731595648313 0.12346876545366091 1.324433888626262 1.716167686021095 2.3611326272640913 2.455628012772036 1.059740391871746
126 1260 1.9437936824769932 0 0 1.716876125005488 1.2552242242397704 0.12392686121177555 1.3685739314139334 1.8841047257683188 2.4780974099573423 2.511171862397695 1.2337723604621675
127 1270 1.8702399583534073 0 0 1.6124940099970846 1.1797341748040424 0.11911115990994976 1.2970499216668634 1.843568015426705 2.330784386717426 2.354494718540692 1.195125557154357
128 1280 1.8752375093888147 0 0 1.64928454320358 1.1619199973691985 0.1167021407099267 1.2904642157310189 1.783385851800169 2.3262574384278514 2.3808229522206585 1.1880588615618788
129 1290 1.9301491872369136 0 0 1.6251286926235742 1.1353190466845584 0.1178326544129128 1.309621106750118 1.7962257423063717 2.48070858992821 2.346970210351809 1.2129321415599785
130 1300 2.0248314980673237 0 0 1.7010953358386958 1.1986715470940605 0.11484751151040362 1.3606329113156588 1.874788714489503 2.8081153985264606 2.4413558229768024 1.2784970261913493
131 1310 2.2351670931937413 0 0 1.8537992030701185 1.4417925128767584 0.12234312522262866 1.5288387192417123 2.018890008421434 3.124877427454071 2.665557932537431 1.4012678421963025
132 1320 2.317433825639827 0 0 1.8917261149092737 1.4888527452452398 0.12484568686932009 1.5733309663058201 2.1564461371753136 3.091838345902853 2.85068193379104 1.4472647065941693
133 1330 2.3037973752441694 0 0 1.9198826345649358 1.4751243586322604 0.12123138051310285 1.5024984831167965 2.061570786670421 3.1887829694681 2.7642650671928624 1.4550231824693676
134 1340 2.292284941935253 0 0 1.9171677030389462 1.473737208977513 0.12161417826402869 1.433722433899979 2.0441172000621024 3.163986537565522 2.7146592410289054 1.5146773181755329
135 1350 2.0854286373631052 0 0 1.6502278083845472 1.324595765753299 0.10783384626524105 1.3060774496426728 1.8664652605018648 2.7703492087272887 2.402590530079465 1.3537422940941282
136 1360 2.0482275347584586 0 0 1.6066138261722804 1.2611186098768044 0.110355633519614 1.2791357052238304 1.819941794516035 2.6736599563519015 2.4040526962237934 1.3281621890506377
137 1370 2.0775303048586404 0 0 1.5875156077164532 1.2868079394536867 0.11247756452677111 1.2962689900723416 1.8528190942422396 2.700748342687238 2.4031020260963465 1.3316721129372617
138 1380 2.3144121178083346 0 0 1.7746534313680937 1.4303998743807584 0.12654414833842817 1.4957247324864216 1.9951117731099481 3.0023411827948117 2.5371904826539455 1.4809457098370573
139 1390 2.2269511540817533 0 0 1.7024532072990664 1.322494955098985 0.1211365567163636 1.4258250689189755 1.9353428911952053 2.8044216736560856 2.485650245656788 1.3823636219111448
140 1400 2.0175381924043694 0 0 1.490761509521819 1.1988869368364032 0.11196065402555412 1.2533455688467747 1.7696210109912747 2.55725631549909 2.2491312924236135 1.2109117574780348
141 1410 2.019909871444602 0 0 1.500355983749105 1.1997949762695164 0.11148191990157598 1.2481740679201436 1.8007242435849362 2.541851365165833 2.2016304521494994 1.2046483757092503
142 1420 1.9907254442834053 0 0 1.5334444260853313 1.160469247601769 0.10691739913696438 1.2533162749834543 1.8210206322244038 2.5291482707992 2.168675523066621 1.1901256359647057
143 1430 2.0948992909864126 0 0 1.5633167122013951 1.1988401201470174 0.1107818536807155 1.3261750509260688 1.903333828310043 2.575011570244566 2.2652471582279468 1.2336998525472769
144 1440 2.1431361907080246 0 0 1.558405720701412 1.204410883232558 0.11568279427998729 1.3806385142447577 1.8740722720966416 2.6688549310598937 2.2906461472626374 1.2496189932821224
145 1450 2.1963380159110937 0 0 1.5217803575068367 1.2261887780815377 0.11769107005695933 1.4453460654942074 1.9674858013280154 2.6834065437643426 2.315791949567436 1.3187245602061486
146 1460 2.272186462787459 0 0 1.4961883648865744 1.2534527260640769 0.12510155767537967 1.484216177672911 2.038770214892458 2.7332721985928523 2.38067286209413 1.4901912594015556
147 1470 2.246411769766659 0 0 1.4257332728335244 1.223509214749977 0.11953563304407971 1.4973132317321685 2.031074241136147 2.6510029883021202 2.318313725468333 1.4666560220594285
148 1480 2.0078943223486734 0 0 1.2828897518444398 1.0541551739341537 0.10796303038268792 1.3418725290501765 1.7380708040727613 2.328126525007855 2.0489629008375956 1.3081818710851645
149 1490 1.8880994242088267 0 0 1.2445110395054166 0.9850315315529734 0.09868726300784995 1.2847414006869513 1.7068286618306068 2.1858790829175363 2.0719213619707593 1.2160254678512097
150 1500 1.9017284999821364 0 0 1.242690565014549 0.9738874091812191 0.09872656265686854 1.2824887950477508 1.7519488079838534 2.143285829570247 2.0575939224847066 1.2127102708398385
151 1510 1.7492287182629427 0 0 1.1070808239560117 0.915740358700986 0.09320709028916989 1.1761817894847393 1.5278125396155602 1.9352787728964351 1.8626652583068068 1.0858088442426617
152 1520 1.7247827501080695 0 0 1.105218262442583 0.8571525558713206 0.09251605563417362 1.1482994394482817 1.5188705051534837 1.885549819172047 1.7711825106317423 1.1579848046383996
153 1530 1.8009441319182515 0 0 1.123558222226046 0.8466174564966698 0.09764955329848464 1.2023581238223862 1.5427493156058159 1.9471017662436585 1.7905379129130816 1.279644032490233
154 1540 2.0665676021857498 0 0 1.2640059543324393 0.9554624600970695 0.11925592139643777 1.3916371205197327 1.7743723439201 2.1474634824803602 2.0269996213327848 1.5406886383161082
155 1550 2.134662419202582 0 0 1.2852587612765478 0.9875450294348699 0.12127996894927198 1.5801832495202355 1.760863136448804 2.230563054123808 2.0561355491755324 1.5212998502522554
156 1560 2.237778487492998 0 0 1.2666547555326013 1.0732552548022096 0.12042387798318743 1.7538835899737397 1.8206559743082662 2.2503054736177974 1.9989274310753422 1.612456989927512
157 1570 2.0921002255663037 0 0 1.1551099048229603 1.0153577053041816 0.1088720961256866 1.647122267014521 1.6296674850435964 2.0440017665720873 1.8344824559258845 1.485035688948426
158 1580 1.9421399513119066 0 0 1.067880535300951 0.9501630130690766 0.10102406363182811 1.5296727244789234 1.5543030593741578 1.8777969845518598 1.6877990894509325 1.3455356155073448
159 1590 2.1270088705870047 0 0 1.225758264109414 1.0952200926613345 0.10896588544239177 1.6257000611007755 1.6790726822941562 2.0216441904539226 1.8508716532845657 1.4126395885807366
160 1600 2.069096403615681 0 0 1.1966380074123828 1.0774708009700456 0.10298072904675305 1.5784514134425998 1.6663980471852593 2.0404419246796848 1.8297052544374186 1.3864713744491337
161 1610 1.9935368458556222 0 0 1.1318536702893927 0.9991126156891912 0.09823381612548869 1.6005046163622527 1.5569428970832506 1.9595428834327389 1.7100971793072273 1.2903421988923414
162 1620 1.8526056958692452 0 0 1.058802596598943 0.8365598331563545 0.09238450174857425 1.4660363139622437 1.3851131027629349 1.8396750167935894 1.5465271782859822 1.1926792569013638
163 1630 1.683263323749353 0 0 0.9381530269778594 0.7567858837640485 0.08279331007524028 1.3208084533242224 1.2402628466673664 1.6459152655254283 1.4032802772718649 1.0482653828685145
164 1640 1.5594277408591941 0 0 0.8795290426441774 0.7000582158255209 0.07433487662717796 1.2185875453088022 1.1327661846713613 1.481890710547515 1.2983234660715546 0.946256940581758
165 1650 1.4240871565910167 0 0 0.8002749462537826 0.6459165304455027 0.06423363688411492 1.098820911216517 1.0361757388051813 1.3262589416046793 1.2371782403493325 0.8549364919414011
166 1660 1.3874511730801742 0 0 0.7862120900158778 0.639022557382477 0.06684179941030123 1.016058975397104 0.9912575186308965 1.3027725736549423 1.198319646604508 0.8142228613424768
167 1670 1.2360904675763658 0 0 0.6985625646287328 0.5716027519613899 0.058284542386495136 0.9141724104816611 0.8689196207043058 1.1348328768326075 1.0659838257529877 0.7178013951359679
168 1680 1.3550694936278462 0 0 0.7704659290935432 0.6391719457276207 0.06339402056614502 0.9979418245104642 1.0112102065752284 1.2145780499735686 1.191757869314133 0.8046435386266205
169 1690 1.2891715142564202 0 0 0.7272240821809294 0.5937806499958275 0.05918078300527539 0.9035418766593595 0.9116931785540433 1.1463607547130683 1.0814221443052296 0.7644588628936143
170 1700 1.2458319074167115 0 0 0.6649821031473035 0.5687933550041552 0.05696882103931643 0.8907673936361988 0.8582872255751746 1.0711940574993875 0.9861074598152688 0.7441891251318684
171 1710 1.3500349299342378 0 0 0.7459103350589128 0.6307186806898045 0.06549469751247498 0.9609341092130523 0.9029112478332656 1.232224945438546 1.0408327323532252 0.8136493509289974
172 1720 1.2862883775586582 0 0 0.7025197437679952 0.5974835364912007 0.0611520568326637 0.9113147454678994 0.8509761444257979 1.1645866889101477 0.9963219434428359 0.7836135229301583
173 1730 1.1490437318143623 0 0 0.6020293640199464 0.5220904857473972 0.05486926133533955 0.7982047401092498 0.747503960634545 1.0058400767852786 0.8495744547822954 0.6627469789154806
174 1740 1.0859992371660343 0 0 0.5640992814062333 0.4978864098077186 0.05202085793930298 0.7595135972531462 0.7001167252700479 0.9463334512420648 0.7833353035161801 0.6222993240882909
175 1750 1.0288825504609547 0 0 0.5218377607664231 0.46058080287052466 0.04849852003857182 0.7274639709069796 0.6523618122767775 0.8901086024784975 0.7028494953236554 0.5692972495963452
176 1760 0.9781496498404423 0 0 0.47798092420922816 0.4239458548367144 0.04441068100554477 0.6812716839551861 0.6273455385761073 0.8445429425053578 0.6423974391403793 0.5324995848442502
177 1770 0.970341379638194 0 0 0.4761698909880519 0.4151750297642136 0.04433486949622491 0.6772278150968585 0.6202608421809808 0.8104482581947271 0.6430458105671244 0.5266911259004005
178 1780 1.0636422672030574 0 0 0.5065134304854997 0.4477743302950415 0.04954163996243236 0.7634353949085927 0.6726660964470431 0.8702430735696666 0.6870697659817221 0.5768819257758195
179 1790 1.1450159070608297 0 0 0.5785901351602499 0.49607770325871686 0.054997260610739555 0.8204986744914216 0.7181977932786886 0.9592735249259159 0.7385659176864885 0.6638560673892886
180 1800 1.16488906121039 0 0 0.5795406088877609 0.51007468367208 0.05599005367551704 0.8334060426239169 0.7274779031147078 0.9554089820346402 0.7496614590351601 0.6666651573679123
181 1810 1.2319360755906066 0 0 0.6624174081897428 0.5252801596248758 0.06762534029237921 0.8825287611469903 0.7538978693848103 1.0623846927946372 0.7854248543832358 0.7052553402166911
182 1820 1.3044089314813891 0 0 0.7290705863768545 0.5447561729646792 0.07502048449156329 0.9018833077099243 0.8152715451395461 1.1991230035275169 0.8174317429481647 0.7609070096628946
183 1830 1.2564827524659263 0 0 0.7169219557826874 0.5247067298822382 0.07390840868837205 0.8255036088480937 0.7837140084361073 1.1485721067491224 0.7774822785747092 0.7381822591352005
184 1840 1.1767346348931012 0 0 0.6584672474956746 0.4970746093424544 0.0690118817605059 0.7977682572107224 0.708529104257247 1.0516514714671858 0.7102174359402404 0.68348364611468
185 1850 1.2483560199900485 0 0 0.7092589740190792 0.5417480675188049 0.07223078900209613 0.8983802126371403 0.6973028917395899 1.1047751101638739 0.7412386786576559 0.70008885242869
186 1860 1.2596283987560524 0 0 0.7174416900702401 0.545252591849761 0.07150738949766049 0.8849205118266655 0.6683726655808063 1.1255864517917131 0.7277904634127255 0.7217802396065636
187 1870 1.3180040214392286 0 0 0.759412945961519 0.5665602150417489 0.07813169554447785 0.9595209902850093 0.6960757443713818 1.2115659322015204 0.7299195429621698 0.7903149518698748
188 1880 1.4349124959438488 0 0 0.890224084824579 0.6786838342556561 0.08527328649838689 1.1110526772211577 0.7562343939996695 1.2986973395624546 0.7878530559036565 0.8745358960408655
189 1890 1.2566111421816892 0 0 0.7738201571104012 0.6024143163109134 0.07467181370294744 0.9880002732535235 0.633958038139898 1.1074352643719592 0.6391756202135385 0.7774757045092684
190 1900 1.2517992328448464 0 0 0.7766585412507863 0.5698872509627568 0.07368165584940789 0.9512413008625221 0.6416835772339087 1.1249025766760963 0.632298066792949 0.748952191310845
191 1910 1.1535071760420674 0 0 0.6950023122928609 0.542596785851378 0.06658739358297233 0.8594454832316504 0.5649246265768385 1.0217601436148527 0.5770245948902165 0.7009410115438032
192 1920 1.0502215041945673 0 0 0.6170927859707788 0.4879192187679739 0.057786190690917436 0.7719424063880893 0.5115549648309288 0.9081691559392752 0.5192635037869014 0.6299547005272457
193 1930 0.9693455011447225 0 0 0.571100498487332 0.4415631016458193 0.054212552945662865 0.6951103227673096 0.46321418300306033 0.8284735485442266 0.4681561661734087 0.5691882915805623
194 1940 0.8729525278880799 0 0 0.5089255147202856 0.39390779483787774 0.04860953522259317 0.628104244185062 0.4084075014106661 0.7369666053669486 0.3969229664153043 0.5132475675678538
195 1950 0.8560363168227207 0 0 0.479480427724195 0.3787391039660939 0.04680939305854933 0.6034190151911522 0.42083733895628916 0.7057368013418599 0.37960109619540183 0.5085636541473051
196 1960 0.7947754716579575 0 0 0.446878463841332 0.3495930204611543 0.04437677509989283 0.5558666974165695 0.38457497937698315 0.6346682917116617 0.3504482484649313 0.46730369367271085
197 1970 0.7123242401719361 0 0 0.4019265555210476 0.314137253949381 0.040794327995053774 0.5051752136070888 0.3390152049546366 0.5698738169397313 0.30983611876969525 0.42493329006323477
198 1980 0.667758004364434 0 0 0.3730421217132643 0.2911718090054349 0.0371805132666846 0.4632647941906189 0.32961058994764464 0.533790037530394 0.29803009894953614 0.3808575180109188
199 1990 0.639983290553034 0 0 0.3677240388732209 0.2816053460208402 0.03505823441956647 0.4357327724139115 0.30797243391850954 0.5139414295329602 0.2954859201392158 0.36939094700770486
200 2000 0.6095974112774557 0 0 0.33539325679647486 0.2663062357344963 0.03153271894257146 0.40389683262213844 0.29492630495977334 0.46852917091339635 0.2888403204865938 0.34969620513941735
201 2010 0.6039305836726022 0 0 0.3314254079954918 0.2693802487529703 0.03129608153331252 0.39235138150613963 0.29884099967322897 0.4697719517175381 0.2858211006064684 0.34783744178833675
202 2020 0.6309855984831212 0 0 0.34222358226286226 0.28078343767094815 0.03221502043210967 0.44637189763860324 0.31325379061155983 0.4871236303771342 0.2875495192797345 0.3730131947256593
203 2030 0.567809598019607 0 0 0.3084357981014607 0.2491871716707271 0.02833400655577648 0.3971879902805415 0.2788243747341951 0.4399569084144747 0.2580181286981732 0.3517805693751841
204 2040 0.556996901371403 0 0 0.29497415952294603 0.23803692905890597 0.027662401939490353 0.3805268272480515 0.2762981761146442 0.4362674236767374 0.257576375056496 0.34379899443830436
205 2050 0.5796094269347694 0 0 0.3005319122952579 0.25209017144118095 0.028016826301425414 0.3945431255150347 0.28920955346445415 0.43546024581500137 0.2750015056553964 0.36184702405922353
206 2060 0.6939411108910365 0 0 0.3655347387317513 0.2951293034025104 0.033554471469266024 0.48316818222904134 0.3448200025040373 0.527364160611656 0.33682071087534204 0.42849468665556967
207 2070 0.8053935711412139 0 0 0.43485413391413813 0.36471889505314836 0.03960634059188059 0.5627841164428713 0.39700249383862835 0.6081826207763742 0.38159483641073116 0.4937655892747215
208 2080 0.8799014542470048 0 0 0.4668311804332247 0.39528724239677343 0.04352625122238899 0.6762190473377906 0.44352523419905077 0.6347475456749776 0.38284299237446734 0.5482553403457666
209 2090 0.8957887835374869 0 0 0.4624396390930105 0.3799515782329793 0.044269026149714424 0.6967721577553377 0.44852511876629914 0.6515156890714946 0.3792424253366333 0.5545208979626168
210 2100 0.8051536964858471 0 0 0.4014885667559614 0.33326206669438907 0.0381491991940678 0.6153805709053256 0.38684796238452007 0.5757939854938321 0.3337446892991083 0.4872724615105531
211 2110 0.805431140565997 0 0 0.39422833094591014 0.3387061625854891 0.03895943254286129 0.6470372007129989 0.3954417866607384 0.5759604467613583 0.31526165564659164 0.4807291298601788
212 2120 0.7179593678559665 0 0 0.3550622825101351 0.30055472504700703 0.03411309787350066 0.5943286417029104 0.34849910522160055 0.5153037861557022 0.264857029421988 0.42572884768998
213 2130 0.6506155270378751 0 0 0.30591763059666605 0.2717597035466883 0.03086729525469378 0.5421270002985445 0.3055879428972724 0.4646778429358485 0.22904116222977935 0.3723202683055605
214 2140 0.6349477307267544 0 0 0.28358762642355184 0.27344657890094465 0.02933445057603026 0.5227937594067289 0.2990132649572741 0.434745502567522 0.217312364656004 0.36084215248297263
215 2150 0.639441230829216 0 0 0.2855061431500364 0.2701261329785614 0.02949361196653023 0.522745552466537 0.29881763341634093 0.42434943970838973 0.20896726183369677 0.36567569719483606
216 2160 0.6487929959244714 0 0 0.275358389930342 0.285479916834976 0.028873068803060002 0.5189300614101585 0.30615068283615243 0.4091306894443343 0.20373737010898518 0.3629794197704736
217 2170 0.7051591518362329 0 0 0.3027734325172764 0.30445325852689964 0.03135512932881204 0.625523535098578 0.3529319328851279 0.43579394303888547 0.1977731235205501 0.38902430465423005
218 2180 0.757606995665521 0 0 0.30897414827502906 0.33429835382911544 0.03335117298241862 0.7090364379395893 0.39241101593365546 0.4486204044695182 0.20101190038147285 0.4325632475921146
219 2190 0.7737561968807966 0 0 0.3112887516965538 0.35827333206622103 0.03216315755212407 0.7165250088609965 0.3932410684019397 0.44524099643197035 0.2025133934881261 0.43466523008770447
220 2200 0.8167096732343606 0 0 0.34068483488684764 0.381095974857514 0.033966196799550076 0.727589823520492 0.40719360568343044 0.4680017595921961 0.21299462194076846 0.4689290570348269
221 2210 0.8125713650012464 0 0 0.3411949346482023 0.3700105495503858 0.03397393392313374 0.7186747353113715 0.4007885947365228 0.4649955606054211 0.1965346949736401 0.471532655704652
222 2220 0.6794872283601621 0 0 0.2754618836616436 0.2947392082151435 0.028157061290203497 0.606067563639936 0.33527912207642613 0.38849593746356686 0.15735151134706982 0.38981865251838815
223 2230 0.5835658086629567 0 0 0.23136344235312217 0.25832778495996195 0.0219427224573314 0.5184592777893084 0.29167257742067687 0.3213708531293258 0.1304926877739409 0.3349571969466644
224 2240 0.5948434924130598 0 0 0.2335974906862466 0.26430291564550756 0.022168018680749295 0.5304534716076255 0.3005863412118633 0.34616019305187545 0.1259050129010222 0.32930172295649984
225 2250 0.6301539310015593 0 0 0.2518596665884014 0.29364846555778135 0.02279397512482983 0.5522192520933261 0.318944350601158 0.3755023124646327 0.1217105326199585 0.357742771675243
226 2260 0.6838509858625482 0 0 0.27615589591353557 0.32414241936226634 0.025670795758009794 0.5845456726689061 0.3405651148934491 0.40632014568223784 0.12355267392980242 0.3970025709274796
227 2270 0.7088036590931986 0 0 0.2925721468457878 0.33854180308685655 0.027011155617215406 0.5985776801100537 0.3614169377933352 0.43833461892815456 0.1156155960619712 0.4204931990631369
228 2280 0.6704324119314867 0 0 0.27804172477370886 0.3159011019969667 0.02485587671035139 0.5646735150683919 0.3353809580876397 0.41480298592964965 0.10431923589200884 0.4083704757595615
229 2290 0.6627533217127942 0 0 0.27503716375488224 0.31708852584238073 0.02450710371846585 0.5482585800321087 0.3262996554211708 0.41637862932105396 0.09596950717458318 0.39512502990056897
230 2300 0.6367570703870902 0 0 0.2578828313479626 0.3064898588270876 0.023114479591945205 0.5431213476748947 0.3209512418224995 0.40292141527858266 0.08849261923583333 0.3805016874126527
231 2310 0.664048419889982 0 0 0.2709644412368531 0.3389311494132306 0.02457594242463385 0.5686713090486168 0.33973529660766455 0.4185535479044544 0.08671691751428798 0.39815044249993087
232 2320 0.6306530444379678 0 0 0.25184200503365817 0.32415539131021986 0.023166301549825515 0.5427597262503453 0.3261298528813264 0.39355372601051447 0.07852015934868503 0.3833660868090872
233 2330 0.6082638284732723 0 0 0.2407853047170583 0.3091599583679641 0.021920976969881177 0.5178199560893136 0.3173890811735219 0.37980138728341895 0.06961177669310144 0.36513824835217656
234 2340 0.551057351879364 0 0 0.22219216955025958 0.27789833787289786 0.019380294934748066 0.4638513695413589 0.28664162093127266 0.3412162731490778 0.06002071977405149 0.3315195820623987
235 2350 0.508319372899881 0 0 0.19530896184208216 0.24992603086866547 0.01782822172974103 0.4230785626334985 0.25828152369725543 0.3102836286014072 0.0523798148796119 0.3029193119788923
236 2360 0.5034909391277979 0 0 0.18560850019294037 0.24965042482495595 0.016883368769494644 0.431900411708252 0.26168928368378686 0.2895106427180305 0.04876653869550891 0.29915478481887886
237 2370 0.5293181170750849 0 0 0.2006666477440874 0.2864209808943987 0.016783106835118328 0.4563787506743902 0.2747162553844483 0.305537455158789 0.04900028997535326 0.32803519592034225
238 2380 0.5243908095204267 0 0 0.19526331052230017 0.27829024202088337 0.015752265365918124 0.43190161874999666 0.2627768533600705 0.30447581733755535 0.04834736894026455 0.3213251579433283
239 2390 0.524120168944117 0 0 0.20227238784006082 0.28270167875147206 0.015756288005800353 0.4415896455319283 0.26285603846515015 0.3005060056311338 0.044218637951937104 0.3504314028566823
240 2400 0.5186889090634401 0 0 0.20796810533031246 0.2820547011553201 0.015405475468961852 0.4308061186334437 0.2544892301322761 0.30488515857804876 0.04274828988855983 0.3527752135392382
241 2410 0.4809499808541389 0 0 0.19180934348347545 0.26700722213759154 0.014027966111773453 0.3919519855473456 0.2374226942189368 0.28069844154084506 0.037617433991561575 0.33124807884368596
242 2420 0.4492819932705127 0 0 0.17817906595618105 0.249878684985115 0.012773834568016154 0.3668602125177097 0.2269450382490051 0.26762684029387146 0.03286577842808504 0.3037422644294533
243 2430 0.48729628323788843 0 0 0.19227937355945793 0.2690707101381156 0.013720262673989387 0.4025193303385938 0.2504392304122015 0.30452740603633566 0.03440390588384281 0.32975998847497745
244 2440 0.5416745900029059 0 0 0.2052637984482672 0.2933380317819207 0.01464971382898122 0.45473477434175413 0.2732904759072765 0.335063131381178 0.03791328083984409 0.36430869105060965
245 2450 0.5848061848854813 0 0 0.21596699067996286 0.3225160720329759 0.015565200676017249 0.4895533775719945 0.29899921573539967 0.37304027193860145 0.03926217825640617 0.38574955116639265
246 2460 0.5985036215112947 0 0 0.21686244736837576 0.32120034693173677 0.01632972120777797 0.4991834995278752 0.31050039997003526 0.3826243744217952 0.03729115414128177 0.3828356550565367
247 2470 0.5198034083687502 0 0 0.18755028175690389 0.27046077397003515 0.01382938293981695 0.41329231469903477 0.261643492672658 0.3182088582856629 0.03167566821934574 0.3241362550259881
248 2480 0.5471448214175739 0 0 0.19754278685125812 0.27975369031179614 0.014427287473841387 0.43611935138961155 0.277393655278519 0.33540760241659573 0.03317282158722348 0.3416037835013266
249 2490 0.5628744778407987 0 0 0.20066744111309648 0.28288202617008174 0.014629396536245563 0.4606203143764634 0.2786085176077534 0.34706676694410915 0.03186412431024706 0.34811629106283987
250 2500 0.5698108095427094 0 0 0.1970891001375005 0.2892985476557122 0.013844774150354887 0.466143144424942 0.28531205418586114 0.35493198434735146 0.032282731175076324 0.34584441988660375
251 2510 0.5783641878836981 0 0 0.20200976729266504 0.28448030776198313 0.014080020878707451 0.4511063591109485 0.2835360976266697 0.3587092467052762 0.03164885935433853 0.34888086000721114
252 2520 0.5993542716358755 0 0 0.21651030601246202 0.31299067034905764 0.013952388955107125 0.43721904290959257 0.2869877126857369 0.37250345848316524 0.030646000044023784 0.3726764305010362
253 2530 0.633537828197141 0 0 0.2306433083951972 0.3402562316641125 0.014476906416069125 0.4580439378593832 0.3051354054331651 0.41094232434408967 0.03198822552737629 0.4031466697742751
254 2540 0.6054248907196434 0 0 0.22388028187325654 0.3170723067494185 0.013567968090117687 0.43793223272183335 0.29058410672298607 0.39275318848647756 0.02849834193853426 0.38421938831945945
255 2550 0.6424531953185297 0 0 0.2375771915654525 0.33880672356245456 0.014649244311309668 0.4685651354300016 0.3137710801845714 0.4463047643754827 0.02911559161452219 0.40995378451095704
256 2560 0.6386704552324258 0 0 0.2291488077417827 0.33086156922299437 0.01417292735922679 0.4757222928816101 0.3133117262278331 0.45022700185625464 0.028331204098653598 0.39843947413326025
257 2570 0.6809331754678329 0 0 0.23167405396266808 0.3423300953240105 0.014658212671074703 0.5012036521011299 0.3467696602353063 0.4852690424386109 0.02936632385099005 0.4224493291818721
258 2580 0.7619153650033224 0 0 0.25513517901649646 0.3813431584544113 0.016410921044820937 0.5824988673402826 0.40367665037177014 0.5405474323675232 0.03046682669256623 0.4956094207178293
259 2590 0.7567314638468431 0 0 0.2565275005190693 0.3944210993155197 0.016465567991443213 0.5777065212894328 0.40931675590724953 0.5437165389049713 0.028901538798712285 0.5011396599691388
260 2600 0.7432664829187106 0 0 0.24709390172355325 0.35680045822789586 0.015892760068701755 0.5837305876500765 0.4016894974534526 0.5437563198944271 0.028136758934660798 0.4812577974486194
261 2610 0.7433857601342304 0 0 0.24706175852911869 0.3453141295883996 0.015774333208847476 0.6093868737424505 0.394888800883627 0.5359497907074421 0.027922037164833515 0.4840006508740106
262 2620 0.7776644743664378 0 0 0.26875575726243445 0.3605995373083857 0.01619530601152075 0.6695870760888998 0.40436646051831737 0.5540990136317592 0.02730701404783839 0.519112599739573
263 2630 0.8607645264966552 0 0 0.2957695249307875 0.3834538094482322 0.017756296267138608 0.8182326382724593 0.47199474972419325 0.644095608235474 0.03043255094646211 0.6054587363694137
264 2640 0.8096472014677633 0 0 0.27191165804364664 0.3629137793008086 0.016052956347486377 0.7728077385726161 0.43574554985328806 0.6042425691750466 0.027303817990870217 0.5640828804402163
265 2650 0.8116357160876276 0 0 0.26581814253337943 0.35629087132712267 0.015964832624978706 0.7939255975348024 0.42685008942804076 0.6016797796243991 0.026336016145107954 0.5644450316635753
266 2660 0.9562782044102388 0 0 0.3068239927136522 0.4169406734261452 0.018700933676352692 0.9923925409958075 0.5069829729231078 0.7300760270185626 0.02973912358612732 0.6567910477323877
267 2670 1.1441085497567829 0 0 0.3620729794748684 0.4898246841373572 0.02216680147509564 1.2011661235728412 0.601909415090743 0.8638442764386299 0.03559902483304921 0.7871246002790734
268 2680 1.213177687037532 0 0 0.369089954364953 0.5110812292467487 0.02350152582197852 1.2094994168947353 0.6307261776412262 0.8983699465738957 0.03646662082180899 0.8303792939337747
269 2690 1.2649793213649325 0 0 0.3756642901895175 0.5100838208297176 0.02299082828672408 1.25812617259763 0.6152883734361344 0.9356854883568241 0.03758645637905579 0.7989872368460497
270 2700 1.231237139052167 0 0 0.35734441761362373 0.4831291264626674 0.022209836727291165 1.2385150766512498 0.6077658669854186 0.9006588595762269 0.033775306145308624 0.782731374933499
271 2710 1.3638236743424172 0 0 0.3945837314007865 0.5212676452820089 0.023292661393059667 1.3823711691491534 0.653358262005479 0.9390584605302057 0.036575624828495426 0.8849822439321352
272 2720 1.3110314870805417 0 0 0.37033777230435955 0.49396488279596046 0.02131202453730689 1.3363891419080798 0.6368760896645876 0.8984027003959217 0.03420694917042484 0.843507067690694
273 2730 1.2706222232583066 0 0 0.3526402645495657 0.4943794055804141 0.020617064711858604 1.2429260439794823 0.6212439756099041 0.882513200869416 0.031983022858261066 0.8271507994438527
274 2740 1.263853501854954 0 0 0.33680765124316314 0.4724948793882647 0.018956126535330343 1.2247224039222528 0.606814216973893 0.894409749761312 0.03132167330509715 0.8120165589162128
275 2750 1.2643661818236642 0 0 0.3176755681269278 0.5209289931335866 0.019587547148321418 1.2082976413069362 0.5820429980206848 0.9222716180595956 0.031048382806182582 0.8013839259257457
276 2760 1.257215015682803 0 0 0.31810259452887274 0.5184758384592085 0.019611662344392985 1.1763592062247066 0.5929528366947514 0.9142001142785768 0.03084370802042222 0.8379926564337468
277 2770 1.193195438950487 0 0 0.29685781010585466 0.4851032914517993 0.01830900078989299 1.0277593434252417 0.5584879212256691 0.8307406879247883 0.028792078444421432 0.7798426485655185
278 2780 1.1407836999603107 0 0 0.27935843478388167 0.4635341913364281 0.01716323401458424 0.986445328218996 0.5348393575313536 0.8259636980498808 0.027321432775024947 0.7560142819572492
279 2790 1.060339758829681 0 0 0.25638262722088123 0.429651100878423 0.015616131875981255 0.9026775113704569 0.507164971017857 0.7724681734971774 0.024890589149822527 0.7110345982450696
280 2800 0.9909317924517487 0 0 0.23594251170390892 0.3942918471646519 0.01437478290254001 0.8509806449914746 0.47091661645537247 0.7180845877656697 0.022578940561276874 0.6743369668187512
281 2810 0.9572906812874247 0 0 0.23039725861275548 0.3789043349763794 0.013526477981764925 0.8236419702501981 0.4513620480207167 0.6770136093792345 0.02132836241794611 0.6558916801345495
282 2820 0.9859271085501685 0 0 0.23720241217438162 0.39135706864435943 0.013948192616778649 0.8374191510816421 0.46131705852647437 0.7069631639370492 0.021385381372805976 0.6738211116664111
283 2830 0.8449273614618169 0 0 0.20195977308790572 0.3308975909648514 0.011745986010947673 0.7051088456469659 0.3889329241452008 0.5954994695281388 0.017280200261995844 0.5747753605808448
284 2840 0.779396707500717 0 0 0.1855143923238931 0.2932070536507966 0.010704565946776193 0.6468786732157433 0.3542769656328494 0.5404414706712783 0.015634434142668876 0.523927495746191
285 2850 0.7162604347876136 0 0 0.1611098442958573 0.26961018905726597 0.009831368236636885 0.5975031234265746 0.31352659430268115 0.5048350895889213 0.014234652219929539 0.4677244721907364
286 2860 0.6850344050394755 0 0 0.1512828674220116 0.26142950865845177 0.008731111271954872 0.5853685671532938 0.2849596592216528 0.4821814524053548 0.013188214967620921 0.430595913694256
287 2870 0.6180498978199789 0 0 0.1340343740563822 0.23536643994411355 0.007729059283384764 0.5249181602246984 0.25782918396130355 0.42971709759900234 0.011516991710938392 0.38837948236838626
288 2880 0.5413022349285626 0 0 0.11675816830988153 0.2043733365616086 0.006648038862676765 0.44979401906915695 0.22608670780339155 0.3737662625093579 0.009942213155453818 0.34129734913825754
289 2890 0.5480750222091276 0 0 0.12222283360646485 0.20534137852719234 0.006595628534014731 0.4531960468427521 0.2225405028413332 0.35598512850696384 0.009877876419913783 0.3564245622063647
290 2900 0.4872294343663036 0 0 0.1065883964270756 0.17770972537154409 0.005611143481916301 0.39476169163102043 0.19534094732883725 0.3168332110476048 0.00844533889007752 0.3185770270561606
291 2910 0.4302288746232026 0 0 0.09494974623395126 0.1564537836156008 0.004792277707994955 0.3429730819163442 0.1690109628564805 0.2784170759371737 0.007311830403729696 0.282009733147098
292 2920 0.36319621734522006 0 0 0.07783454309442125 0.1287175228593269 0.004011969674203448 0.29409362806215417 0.13557822873421557 0.23557659857268948 0.006171334773269943 0.22614350372584455
293 2930 0.3351848201594263 0 0 0.07141785978507427 0.11872940070752447 0.0036295713567204763 0.270972853463538 0.12254970931370382 0.22114365717788398 0.005454106902571868 0.20453385077918756
294 2940 0.29567553320544804 0 0 0.05988093608746601 0.10142481154379804 0.003160047263867679 0.2398353369554768 0.10436071518379586 0.1936104962364165 0.004826382308992273 0.17099877197639482
295 2950 0.2620820755151595 0 0 0.05318905566544153 0.08477848515496311 0.0028077476426395984 0.2116762892925832 0.09249077667950557 0.1655165746281211 0.004078992809565305 0.15170484324122385
296 2960 0.23179023373028962 0 0 0.04503812700430902 0.0708526082840736 0.002318347960196053 0.1873931954952076 0.07998723554664051 0.14513337150682692 0.003493007542705108 0.13078449281928764
297 2970 0.2006754437856788 0 0 0.03902350039766681 0.06128218860693535 0.0019258320588748643 0.16196984634177586 0.06988528600820866 0.12407380149617771 0.002898493868502864 0.11496998776459995
298 2980 0.19487878598321168 0 0 0.03656222571228587 0.06120382154765132 0.0018998534244527717 0.16000043164054364 0.06336978564398071 0.12351339589603286 0.002789483811540729 0.10497241675981138
299 2990 0.17330141982698324 0 0 0.03232584572035 0.0509152187857531 0.0016049311228232793 0.1420675818769667 0.055666734075755835 0.10789063006685964 0.002417044267625762 0.09172874262759764
300 3000 0.15101068189354885 0 0 0.02724092063791545 0.044067920075219154 0.0014028031813022642 0.1214418543435928 0.047222888100311076 0.09214923328879518 0.002051779772403064 0.07694159028244635
301 3010 0.12741466051841077 0 0 0.022586821496237676 0.03555820716587134 0.0011438381403160386 0.09878492179809388 0.03742393363060581 0.07590461884720745 0.0017092983534699891 0.0628709050482581
302 3020 0.11175025134956992 0 0 0.01973736788692617 0.031519503763816695 0.0009610915713647242 0.08554005209681115 0.03256542188051112 0.0658516734475681 0.0014134567135870102 0.05450974444577494
303 3030 0.10237444059625066 0 0 0.01784494129108005 0.027294988982040684 0.0008485545360287389 0.07961347388790724 0.02909570258024152 0.05955752912155693 0.001264963824036337 0.04898951466422944
304 3040 0.10392928895583385 0 0 0.018168191144929572 0.027568745271883768 0.0008299712893178881 0.08444204750209297 0.029800469707620285 0.0595948860831539 0.001261649976755432 0.05030165567551559
305 3050 0.09565402831516408 0 0 0.016571972141233352 0.02441713183668008 0.0007456242472349552 0.07599613539963955 0.026803416805517375 0.0512776197941166 0.001074875088923843 0.0447635950055337
306 3060 0.10435131387330092 0 0 0.019665928571314866 0.026733093848767833 0.0008331060133575154 0.08005325090241638 0.029300586635346456 0.05531052620015935 0.0011668846749403774 0.049677908008412874
307 3070 0.10642061019561884 0 0 0.020051553680247493 0.027242262717546026 0.0008216267544253628 0.08336926097546654 0.02953432156576153 0.05553429885451287 0.0011917506811380141 0.05040260771452451
308 3080 0.1032312977513507 0 0 0.019411660415130982 0.02619014413699385 0.0007525070837458458 0.08055242623645963 0.02911311896727871 0.053512530222808954 0.0011674038482504287 0.04928097953380328
309 3090 0.10249213503857217 0 0 0.01857892509416525 0.02589226210622983 0.0007497238230048341 0.08029209230446574 0.027626729578020925 0.05425847587278663 0.0011737559066897685 0.04750245235968146
310 3100 0.08863977344437095 0 0 0.015490453953338802 0.021759477076152042 0.0006218652268590018 0.06833951860525485 0.023484945840658796 0.045961669034723276 0.0010047817814470667 0.04067662957685694
311 3110 0.0851544383630451 0 0 0.014873466319463948 0.02066851547685308 0.0005783605688635125 0.06590375155294045 0.023533239516428387 0.04558230105554299 0.0009538348684950794 0.04055188267513612
312 3120 0.0754533781907142 0 0 0.012300893409815048 0.01818354426540273 0.000508394673089473 0.05799256281285356 0.020597866129895483 0.03915735767646719 0.0008251740314497623 0.03421673600536762
313 3130 0.07031380803132403 0 0 0.011924764000406022 0.01651543503157314 0.000450499521219442 0.05368239527266445 0.01985543431276852 0.03576090277065824 0.00072131022625302 0.033022838254146675
314 3140 0.06786798829924742 0 0 0.01225898517324219 0.01517264672945466 0.0004242870802394332 0.049851598650413186 0.019432474500367322 0.033277496170685074 0.000667999614103075 0.03388079363409395
315 3150 0.06307535407626755 0 0 0.011459222362559201 0.014284607668671206 0.00036951424142921547 0.04559634691256795 0.01808030787414976 0.030805730564897542 0.0005655596860363618 0.031609405621799175
316 3160 0.05931757626010283 0 0 0.01067198856050654 0.013105846302906472 0.0003462050598993592 0.043057587555393975 0.017042963950038605 0.029064012560558163 0.00051483224686664 0.0294888363689681
317 3170 0.052826072405233876 0 0 0.009324791688823107 0.011621286936013525 0.0003055266063648136 0.03825773374357088 0.015200395539960674 0.025720957918055176 0.00044357706832286756 0.026331256910608516
318 3180 0.046963922100220955 0 0 0.008196406162526116 0.010300292942177625 0.0002693658861375033 0.03322264838814805 0.013535775528386461 0.02226692215701242 0.0003747792020787 0.023317170468825883
319 3190 0.04223897071753239 0 0 0.007165763241429809 0.009227455366200893 0.0002419717946054946 0.02928411984005015 0.012040382578488842 0.02023954169165832 0.00033485153751661476 0.02056740027446881
320 3200 0.036511528511486785 0 0 0.005952618639202713 0.007797682427612135 0.00019344980304426766 0.02564017669187411 0.010210087705210103 0.017560011200786572 0.0002906633175338108 0.01715348841372188
321 3210 0.032258107292339834 0 0 0.0052654406724664295 0.006823422349765435 0.0001725260948149967 0.022641721501491966 0.008882733328362735 0.014471046830868755 0.00024764259206619274 0.01490427630197327
322 3220 0.03003031101783044 0 0 0.004795861985320703 0.006291748205190126 0.00015774198943711105 0.02109916085939082 0.00798211916656481 0.013544530488130656 0.0002300735371603726 0.013497276113871125
323 3230 0.030399270403789452 0 0 0.004765054178284699 0.006215971814697477 0.00015856392063475972 0.021503023307212592 0.0077996481982581 0.013957480929077655 0.00023358466868782923 0.013247413205807001
324 3240 0.02812582450927356 0 0 0.004382238757993966 0.005393083779991975 0.00013704227086053946 0.01985160239647558 0.007124162104355297 0.012880495132803756 0.00021567389027130437 0.012036815801840517
325 3250 0.024400748418442895 0 0 0.0036559241319194333 0.004612050046079363 0.00011722732807748743 0.017034729961871494 0.005983290012073468 0.011393737780746966 0.00018818062430804868 0.010183453017326906
326 3260 0.02272066014858089 0 0 0.0033407912872094677 0.004223533938766096 0.00010728572097928196 0.015827458567425064 0.0054177229986169945 0.010294071333008192 0.0001718320643783498 0.009241047876280375
327 3270 0.02102894550774027 0 0 0.0029905491681201366 0.0038795200664123422 9.80032740434732e-05 0.014463255836124672 0.0050051862923169155 0.009527503063102507 0.00015055649755445208 0.008552663227981077
328 3280 0.01890138559242635 0 0 0.002535995176009615 0.003382689543656275 8.506474080087142e-05 0.013282811591300877 0.004398129852961424 0.008257260871422754 0.00013442566353249265 0.0071970185957194914
329 3290 0.017122852492522513 0 0 0.002287607105688256 0.003007387523074667 7.450120988941897e-05 0.011798596081254723 0.0038467723067921863 0.007251307456236697 0.00011984184659118768 0.006478727000239208
330 3300 0.01655714573041825 0 0 0.0021947370422063885 0.0028796406140251395 7.13167545533407e-05 0.011204736822064965 0.0035972995031537257 0.00661697030068705 0.00011357882052327044 0.006205685172834097
331 3310 0.017251844496563733 0 0 0.0022340183170558746 0.002989394499377825 7.208805580994668e-05 0.01157037806341339 0.003663761272349367 0.006803962466198001 0.00011738672063770648 0.006519055541420018
332 3320 0.016333053628855388 0 0 0.0020536478386752135 0.002805013736016455 6.828778727568942e-05 0.010801836570002759 0.0033710974591410667 0.006420999631201262 0.00010797099674502277 0.006112707860601549
333 3330 0.013627365272078184 0 0 0.0016613986014061212 0.0023290797005522572 5.494345720056194e-05 0.009078902832736796 0.002661782937619029 0.005303159384652255 9.019595445870241e-05 0.004798272719166349
334 3340 0.012977065644933521 0 0 0.0015572137733138136 0.0022974596267323253 5.27929869287003e-05 0.00845674335243638 0.002459850335413663 0.005060962565153964 8.362382258008202e-05 0.004474184422119526
335 3350 0.011968839474580191 0 0 0.0013834292347104946 0.002035596363069325 4.811135069982323e-05 0.007585779670105115 0.0022530166610997206 0.004653652409753881 7.505206684100307e-05 0.004057404416300773
336 3360 0.01074905732618635 0 0 0.0012532582295158605 0.0017139724418513075 4.141217865699742e-05 0.006746247503448036 0.0020098555256064833 0.004099920032449134 6.50908332795791e-05 0.0038009615429287717
337 3370 0.00996131823029868 0 0 0.0011761307529023547 0.001518207733060547 3.6760557295827996e-05 0.006282123567667203 0.0018182936566937587 0.0037976919510570688 6.018805173097195e-05 0.003586340841912728
338 3380 0.009322642513760226 0 0 0.0010930129318351563 0.0013518705008254393 3.341211774344506e-05 0.0058313286920153775 0.0016720914020983365 0.0034710520868879075 5.4524891998173934e-05 0.003398560703247315
339 3390 0.009151331179994076 0 0 0.0010522693773682215 0.0013208995508963435 3.202227808824531e-05 0.005683018267162529 0.0015905035831921162 0.00318369029490386 5.072679607957982e-05 0.0033034918256916743
340 3400 0.007904986888632464 0 0 0.0008968190998435812 0.0010997035815865177 2.6441415893718186e-05 0.004975981215696186 0.001337941196610022 0.002720997967546813 4.277500965454089e-05 0.0028733148197780146
341 3410 0.00759527445776867 0 0 0.0008505528005411583 0.0010456388020991124 2.5126177254775005e-05 0.00479037190782042 0.0012862445544915137 0.0025278816891417186 3.961040374022353e-05 0.0027690171300267376
342 3420 0.007042077686807247 0 0 0.0007628635166057613 0.0009411211237509404 2.301766916771285e-05 0.004359576486788504 0.0012081861761382275 0.0022573990131300203 3.476377253029416e-05 0.0024966660976319353
343 3430 0.006744176389608656 0 0 0.0007039385165374125 0.0008850371857697909 2.196904095127688e-05 0.0041753796491885015 0.0011300224269921932 0.002140248602764167 3.267615916563801e-05 0.0023902215320279014
344 3440 0.006426916932669311 0 0 0.0006429396093372599 0.0008432164632517616 2.0909775578638495e-05 0.003971618779647283 0.0010360914250896341 0.001965714139388717 3.0605729232598415e-05 0.002153142295359308
345 3450 0.006304255597968018 0 0 0.0006135264047962973 0.0008274091406034609 2.063587072744604e-05 0.0038963423541270646 0.0009671754484766393 0.0018979549866797861 3.0001247269358512e-05 0.0020348535956901757
346 3460 0.005724696563274606 0 0 0.0005405532699759109 0.0007613471565202527 1.8813666087457852e-05 0.0034753102951715475 0.000844491004735768 0.0017279176450024534 2.640705039404403e-05 0.0018286077514796622
347 3470 0.005110437686261686 0 0 0.00048480125670221996 0.0006665987422564412 1.6637819651020813e-05 0.003073194451927202 0.000748961431805543 0.0014826986392865254 2.348459634641484e-05 0.0016062126379493469
348 3480 0.004308148644128961 0 0 0.0004020844153584208 0.0005452008593427816 1.3739219307728151e-05 0.0025462713220175694 0.0006228103606658535 0.0012308703984853543 1.952077055347174e-05 0.001347163839003836
349 3490 0.0037747084288476244 0 0 0.00034909108876158304 0.0004604644549052658 1.1682661376902491e-05 0.0022422100556128894 0.0005342798144646654 0.0010500751044768251 1.6036325887356455e-05 0.0011826419721645864
350 3500 0.003470968639693511 0 0 0.00030402966377412614 0.000422386089342011 1.0663860030723239e-05 0.002076406896308839 0.0004927534752216611 0.0009664682253122495 1.4027152092319456e-05 0.00105796753017132
351 3510 0.0031167468183861654 0 0 0.00026822295014108184 0.000376993747924718 9.317253853441456e-06 0.0018141028603582193 0.00044408675080122426 0.0008526314964874924 1.2341801312081135e-05 0.0009286790558183816
352 3520 0.0027330691049912083 0 0 0.00023251361692402752 0.00032093806192355813 7.78282873945659e-06 0.001603188818691254 0.00037876566489226737 0.0007334517399322761 1.0686615071125897e-05 0.0007878048450137449
353 3530 0.002504441262773026 0 0 0.00020849225188676108 0.0002877387445063033 7.08097372207156e-06 0.0014584175871832181 0.00033703197514841043 0.000650184044652282 9.747763967968226e-06 0.0007227708972786926
