% # columns="iteration, evaluation, void, void, void, xmean", seed=462088, Wed Apr  8 22:26:20 2020, <python>{}</python> # scaling_of_variables: 1, typical_x: 0
1 10 0 0 0 1.9481668283827869 18.400984920198557 0.024209048897674668 0.6186502807207417 -21.914719439426186 5.502080941835966 0.47569831425337084 0.03425443416401769
2 20 0 0 0 2.434563062622527 18.326012755292734 0.04054830099214062 0.5926069098891518 -21.972156458732577 5.676350350148097 0.7279604559951964 0.17715266445839914
3 30 0 0 0 2.4079601436816125 18.907023953363467 -0.0936475162041907 0.30544053472709753 -21.879784466428696 5.824800839969845 1.1089385737479271 0.30812923161029543
4 40 0 0 0 2.4468860507389083 18.92234166875462 0.04593846702033616 0.7075760076270408 -21.358248312452066 5.893797450907196 1.1357110977982403 0.3120335694306345
5 50 0 0 0 2.249348052512964 19.149487938960988 -0.061616354987416466 0.7976851474166846 -20.942198586516586 6.020795477054102 1.2854075627816939 0.05901337865224354
6 60 0 0 0 1.9633131782410338 19.465419661407758 0.01838795293996215 1.4551551366511468 -20.97540475945876 6.04102015980448 1.0967323412312329 0.0011451691115032803
7 70 0 0 0 2.551590106440395 19.859613338669202 -0.09155593452946292 1.5981910657852214 -20.616192531337063 5.922010838299528 1.009439956179745 0.09282916234267385
8 80 0 0 0 2.205260794208556 19.51376873698379 -0.04835718299199125 1.3051472901603178 -20.59796017999967 5.812571328277757 0.7961442163099878 0.08402875410283857
9 90 0 0 0 2.046266455812491 19.77637223055684 -0.040278857266750415 1.1526127321718764 -20.780766150059677 5.552685354112866 1.0219425340761497 0.25892835872013076
10 100 0 0 0 1.85527907822423 19.812284565923157 0.08745409995460142 1.0930325057101398 -21.158589906463888 5.543326732120482 0.961091788144404 0.42492170899375864
11 110 0 0 0 2.05641653559203 19.861525371322212 0.07452270243841086 0.9821653271932902 -20.781406960050578 5.3798588427505445 1.100435252902943 0.471721510151841
12 120 0 0 0 2.108470481871041 19.633822572317513 -0.055050409040828086 0.7196295540428725 -20.743618245590014 5.797824218933233 1.2720953514119955 0.5014402791877194
13 130 0 0 0 1.9045908955138353 19.563623932426676 -0.05849419745598449 0.6523221163969242 -20.508092345114182 5.754015280281867 1.0851171552695502 0.7071074883764251
14 140 0 0 0 1.9930065507874957 19.61461829988092 -0.06037639719344713 0.4276893555849085 -19.794270500243176 6.050330765055797 1.1382091412070385 0.6059373725418739
15 150 0 0 0 2.3930019102327496 19.815908053042097 -0.18988140255462838 0.17197530949933532 -19.432127701314787 6.339974530306314 0.9564147314378867 0.5362100741777829
16 160 0 0 0 2.5690881207710254 19.64264172776648 0.01636795401766314 0.3763710963203919 -19.11614484076732 6.6066294916063635 0.846407473462755 0.24135744774266232
17 170 0 0 0 2.617416316934134 19.629344743726676 -0.1520207936985712 0.6608461392445414 -18.61809965309398 6.693905178676732 0.804302862699159 -0.19304521236018668
18 180 0 0 0 2.6273767440375972 19.735666999698775 -0.1988449326958188 0.6940146907311389 -18.87138801835518 6.384374782158971 0.5894886975659193 0.07591935279849032
19 190 0 0 0 3.1546992345379397 20.017312307247032 -0.05092918446649866 0.8561038884137732 -19.180340829743574 6.1989387939092895 1.045589453993294 -0.04752747148642386
20 200 0 0 0 3.6337500951997286 19.66657012479493 0.03538146660042543 0.24324212093477626 -19.481254345326555 6.10120653849791 1.192599824003517 0.43024288192202875
21 210 0 0 0 3.8487046961519886 19.452949289835818 0.05917704461811667 0.3627363720579745 -19.076076754156624 5.6947441369098595 1.4849799440706875 0.21097189583210907
22 220 0 0 0 3.92841984182328 19.609098623381325 0.07725644789496193 -0.19480048518783288 -18.333985629275514 5.9593207610736 1.4483372648776869 0.6953954571102492
23 230 0 0 0 4.023758081511409 19.94957335013364 0.07425352349032918 -0.4909891733442979 -19.157903710098537 6.14040293698273 1.4032837856791163 0.5919723569168878
24 240 0 0 0 4.169175498631298 19.788954578531516 -0.010477250215540468 -0.3744680269843197 -19.611502555581243 6.210087671304451 1.2505580702328445 0.5133661637253878
25 250 0 0 0 4.452965140493367 18.981506328588402 0.02834149113574949 -0.8545470679211153 -19.379335432830786 6.450245994177032 1.3453651965257174 1.0939693668145738
26 260 0 0 0 5.212233753857117 18.99170421181133 0.040258496161755565 -1.3342193230312247 -18.752795549579773 6.778076835590034 1.4441275174667 1.213078466860247
27 270 0 0 0 5.613140519715999 19.208916295508075 0.028069158463380192 -1.2832426027738835 -18.13015262264759 6.335871585747432 1.3363971017936653 1.7888461447175352
28 280 0 0 0 5.10835071288317 19.568564641578256 0.0895173657193064 -1.5260824229447012 -16.963454203277582 6.599152680342841 1.0446199418399196 1.3224790981728556
29 290 0 0 0 5.381497153185457 19.395828938850816 -0.02897191965636485 -1.9989584792525703 -17.021121531681054 7.195342912265341 0.9860645115792955 1.2876152328369461
30 300 0 0 0 5.270509307924272 19.80043599654316 -0.039875124851104664 -1.9361063725499768 -17.013597648813796 6.86512766248461 1.38938776339364 1.8352801236251406
31 310 0 0 0 5.284271570882421 19.89697526598177 -0.024341918213930593 -2.0711993111924287 -17.520055633253552 7.046271454244696 1.3695674752607239 2.1967387952858806
32 320 0 0 0 5.10349443061743 19.728717859936957 0.0978780583748636 -2.3334063380934658 -17.704295563822484 6.706667363819253 1.4476417304129718 2.084022649813419
33 330 0 0 0 4.968605648602729 19.513247386695806 -0.0574325154238533 -2.253686491436378 -17.321728747419403 7.263287640238315 1.1808210083308908 2.4242941624087653
34 340 0 0 0 5.524086728063135 19.268748540330368 0.134722333336278 -2.497548262511315 -17.392314563763684 7.307729562437154 1.224518092814055 2.538797389067181
35 350 0 0 0 5.520770174780122 19.675766537834793 -0.05254615817183597 -2.5900422736504605 -16.665135081864353 7.593186977390376 1.1494069943951803 2.1366734860263423
36 360 0 0 0 5.548637596256967 19.797695797694317 0.0068680927226347915 -2.58451776704409 -16.88827889236999 7.748996904207297 1.1467218531838825 2.17463992816376
37 370 0 0 0 6.122959969557687 19.561800191101664 -0.06340076615143758 -2.812879359876365 -16.70917143333605 7.80463467227575 1.4874905093585447 1.9952808225853875
38 380 0 0 0 6.440209204767023 19.82965481355591 -0.20999259273228585 -2.7114256124520604 -15.791471939661864 8.047890504873337 1.687862180713939 1.3700208824588835
39 390 0 0 0 6.070845404557266 20.109296777662397 -0.21826278891345566 -2.705282146239164 -15.322352468389013 8.714806967601163 1.628738840271952 1.746679326106532
40 400 0 0 0 6.247837586842851 20.58335627964883 -0.2109906357580378 -2.6155834062439225 -15.624007265798125 8.8836960555129 1.1677875444330368 1.0729527867312934
41 410 0 0 0 6.294528578679584 20.405171530186507 -0.05368994997943141 -2.366081755105668 -15.130272496509406 9.177897317465574 1.0706063789871922 0.488999491022415
42 420 0 0 0 6.147658365169969 20.109461896542296 -0.06020379696754821 -2.904671253201356 -14.553671784408225 9.594316484157417 0.9455336378831313 1.2397915513056792
43 430 0 0 0 6.427505322047671 20.110446119712513 -0.03282067373805197 -2.3365828969758655 -14.37847711513718 9.930228536609484 1.1730190819440771 0.43477620560908314
44 440 0 0 0 6.189746092462918 20.365139076056515 0.06232643324004688 -1.8877209954709038 -14.263871036371595 10.472414617443361 0.9826486487218294 0.5135893632238948
45 450 0 0 0 6.335538431174288 20.05734567225279 0.08805089698133708 -2.397469248762975 -13.79510521901163 10.634020451754525 0.4258675793800296 0.9673409943912141
46 460 0 0 0 6.924615332675586 20.237146059856414 -0.011189954865746435 -2.6203293662015663 -12.454076214690712 10.964897976342197 -0.014733851619879279 1.1438485267469005
47 470 0 0 0 6.8803874746440625 19.774096777541047 -0.10298724852278177 -3.595459104273417 -12.013636022151527 10.554581532751296 -0.23512742889337054 0.9219047151100986
48 480 0 0 0 7.904974050390718 19.3316015133699 -0.12923728599386408 -4.63122057154742 -10.47219226165787 10.621750453857386 -0.950937795399889 1.0788008848047794
49 490 0 0 0 7.415191637621233 19.50663303235509 -0.13550856488857274 -5.0158822458807855 -10.259862145591622 11.217062642235815 -1.363322944410641 0.8489256195662211
50 500 0 0 0 7.8659589510291745 20.070539951748092 -0.09607665155823127 -4.770563036718817 -9.714546004782042 12.271016788510194 -1.0421741186984583 1.4991790434141938
51 510 0 0 0 7.755797529132099 19.9774698705889 -0.10053732926631294 -4.24937778964686 -9.10293751188058 12.168455057129668 -1.1672629589507886 1.4474982814948527
52 520 0 0 0 7.552667601831553 20.584417528187235 0.11054351250217352 -4.347239626815927 -8.763569611251278 12.145178914895892 -2.3237524242349212 1.6061696539635542
53 530 0 0 0 7.495178048803259 19.96652435975803 0.08047210063036926 -4.725010014392545 -7.865083295459907 12.325095144004193 -2.0669617842991657 1.2286344913398406
54 540 0 0 0 7.295064092278673 20.163959070351353 0.019540540126454634 -5.0314988551451 -7.942784751472477 12.272825710493796 -2.3825691475362563 1.888708752280757
55 550 0 0 0 7.543510474002772 20.419174187868034 -0.19086350388348905 -4.999521751649166 -7.4250514914040835 12.629296431549161 -3.0972981097494503 2.16587169994617
56 560 0 0 0 8.401669278714829 19.9991251007741 -0.3446996147986073 -5.482805592045973 -7.827268875642181 12.654533111147082 -3.0893234743913176 1.9092029293466426
57 570 0 0 0 8.927299013238574 19.43556988716726 -0.20616160372975265 -5.853665283578007 -7.889287718634036 12.674563870784914 -2.991147193954462 1.441341884688993
58 580 0 0 0 9.31760175362762 18.81139902121051 -0.24612583348942726 -5.76615940308735 -7.462804584324191 12.5053834545521 -2.5807763566725783 2.1759377697331983
59 590 0 0 0 9.825360908001198 18.628715945692903 -0.1539214587427995 -5.890118480929798 -6.672858821694596 12.982189081520989 -2.592517811258682 2.359362520625225
60 600 0 0 0 9.867678701213666 18.071161208118337 0.0032661710666502253 -6.410116425437096 -6.084695401792986 12.002003290084955 -2.776477689595096 1.9605087474784428
61 610 0 0 0 10.242350260690028 17.7717277181769 0.043744075583770914 -6.742260999084185 -5.8910136402822815 13.017664950871298 -3.159764452577943 1.5825495551293711
62 620 0 0 0 10.259543643016631 17.97065784127034 -0.12178336686317759 -6.484381002584296 -5.227029682653401 13.796800871131827 -3.37741769875729 2.6955198086962078
63 630 0 0 0 10.52175570282935 17.73258221663785 -0.22970203301710243 -7.932655487851568 -5.1340259160152755 13.32383527490003 -3.8554982085033713 2.9400165028062304
64 640 0 0 0 10.282022748066161 17.230343789767527 -0.046320013909220775 -7.995834963883027 -5.097994782533647 12.636209233303891 -4.454597618193292 3.2816963264526837
65 650 0 0 0 10.510136567726093 17.106781922977312 -0.11383609081711232 -9.011651981138654 -4.687349565205322 13.312286810617305 -4.853241025112358 2.250595859625957
66 660 0 0 0 9.688934233791871 17.510514045608556 -0.06270818520917446 -8.146327730878088 -4.298898989571462 13.0005866033272 -4.924016795537959 3.0031813984277367
67 670 0 0 0 9.240740562608417 17.31486282153419 -0.008162680871344426 -9.09462878715129 -3.4879794468182768 12.636127534611456 -5.890710405851411 2.917170523289637
68 680 0 0 0 9.639568531278142 17.5109465193235 0.046994025762858514 -8.618655507895523 -2.5491308250614853 13.29928919852247 -6.149314180357548 2.792004589685627
69 690 0 0 0 9.425912667794135 16.820326301488766 0.04861720107855219 -8.600702028858743 -3.109554369303747 12.702514555807689 -6.109200352936142 2.70849109589704
70 700 0 0 0 9.22230546903403 16.580801648323664 -0.006930889588650131 -8.505820135681006 -3.736887304613379 11.433592590609814 -6.273720496463913 3.145928270578056
71 710 0 0 0 8.945092976385512 16.040843754291124 0.08305319322562346 -8.883244366433432 -3.1695016372650096 11.613823626336195 -6.9664767324700145 2.6193130326117267
72 720 0 0 0 7.838175742756872 16.265758732549386 -0.09158554263437765 -9.170760787226737 -3.5591541740387167 10.918089933783179 -7.07665833128949 3.7949577056746087
73 730 0 0 0 8.22417344706213 16.432865233443902 -0.20668043636377662 -9.733478085838788 -2.9575616740176334 12.071291069628396 -7.878949252187765 3.30337217195464
74 740 0 0 0 8.843044720761212 16.35935411239931 -0.14185240225454213 -9.321344399563008 -2.810504322856782 12.089789602417241 -8.228073289952412 2.5172708523135903
75 750 0 0 0 8.52398426697448 15.739394907857543 0.12788953068587086 -8.752872273771505 -3.3873351040759156 11.139610707170444 -8.428636003544739 2.5646057048804347
76 760 0 0 0 8.796541037372132 16.31236250558683 0.029558528595032912 -8.084438512223782 -3.4270327225500994 11.481839528123242 -6.892316526985297 4.639851871191646
77 770 0 0 0 9.37185513196924 15.857060761209901 0.05696107045559753 -8.885793746826682 -2.2910186549428775 12.108318993615075 -6.833455485878715 4.09372225450545
78 780 0 0 0 8.860655157507198 16.337162645593406 -0.07168504929681274 -8.876325889403326 -2.068234146466997 11.717652600845284 -7.115043593567514 4.335295283211429
79 790 0 0 0 8.346614311316447 16.65050547217449 -0.06979860509170033 -8.913396079510512 -1.5450448603679396 11.8670154083679 -7.228825797166542 5.130915818103516
80 800 0 0 0 7.299409308831257 16.53476883094648 -0.09378277039411141 -8.06284132927207 -0.433504040813397 11.516644500459657 -7.130623994632372 6.213523939832645
81 810 0 0 0 6.903822313571689 16.202371778160597 0.1435131003468305 -8.589901843065235 0.4735478766415194 11.422618098433274 -8.260650079644053 5.820059173801827
82 820 0 0 0 7.306626310025656 14.778197533512479 0.09361106248887739 -9.210804887734755 2.3155671000453752 11.954232684300665 -10.43288206937093 5.036518901357747
83 830 0 0 0 6.754343751338757 14.070148886828019 0.21384032236915307 -10.120094608515318 3.7839804631169907 12.200020239299311 -12.205270049618997 4.469100222075023
84 840 0 0 0 7.393918085156877 14.910571912719984 -0.03905529728536278 -8.882840498460308 4.535314173494021 12.721256020480503 -10.279437846173366 5.9852307019416
85 850 0 0 0 6.920524730645936 14.773676018301268 0.07888648818321754 -8.991916104440865 3.244776134287739 11.25594564367334 -10.234536068331733 5.803343909175268
86 860 0 0 0 7.149816886578152 14.421937986326615 0.1848080689896308 -8.608334971373454 3.1390677573755967 11.245248271548926 -9.908090780722986 5.068399519087698
87 870 0 0 0 7.609019891838958 13.90850763312353 0.18083291288916403 -8.485448554185306 4.56121223099568 10.975876773891015 -9.090812769204033 6.324664389529565
88 880 0 0 0 6.350082613167661 14.644715855081529 0.02886959859560717 -7.5003749140786145 3.2553574657173465 9.871195484391897 -8.866162249494355 7.159699239805591
89 890 0 0 0 5.28785801348491 15.20160126001014 0.14078030370525912 -6.465603936606998 2.118883155879778 8.805146008171404 -8.849855775760542 7.854249478245006
90 900 0 0 0 4.506001657370601 15.849607884899132 0.09439748228927332 -6.742680711866969 2.0680672122720396 8.7501728535357 -9.297015520162681 7.804086298919282
91 910 0 0 0 3.4448237853068044 14.561631698865023 0.12344453257836006 -7.953167869104401 3.113956828056704 7.795191872535191 -10.40719748096335 7.985408587455881
92 920 0 0 0 3.2884968761058007 14.227284608129187 0.0964831596429406 -8.812020625070298 4.261915993973768 7.695879038212175 -12.344339847827563 7.2834668122943755
93 930 0 0 0 3.7377926725851878 14.45744628396997 0.01001987953766073 -9.18578178582589 4.862794902496753 7.938088413897534 -12.428332133911203 7.254702619041656
94 940 0 0 0 3.8264465985882032 13.686143474354203 0.03319281906112283 -8.974037459724018 3.9432123223907465 7.370394553424335 -12.75581624977043 6.402475932089418
95 950 0 0 0 4.215264780195044 12.906775642871171 0.20836694883253842 -8.680799536778608 4.309643854210641 6.647100992157148 -11.382127041683942 7.742149946437745
96 960 0 0 0 4.037371912753792 12.459916538737554 0.18926648178768934 -8.885580182282881 5.106671187600641 5.845517483719414 -12.412909649774981 6.7287685221778935
97 970 0 0 0 3.1170012358738797 11.961097024010325 0.23238889094106516 -9.031755291294909 5.665833078348208 4.546140175604934 -13.4219933560768 7.200749669839605
98 980 0 0 0 2.9384237827303523 12.647194612505738 0.1311368594985046 -9.333604895907577 7.114618781216823 4.256673038900014 -14.893482098860469 7.1122140388385535
99 990 0 0 0 2.562003303303679 12.643924492247368 0.07591782547613589 -9.173115447918066 7.702547198549655 3.7313377725108254 -15.775049673993477 7.068435738364103
100 1000 0 0 0 3.7480589768018557 13.413647847354886 -0.000419294788481947 -8.88861877624116 6.757499726889913 3.682557513796556 -13.58921007927839 7.82956523440149
101 1010 0 0 0 1.9863499691769404 13.87988007551214 0.0024822459386318147 -7.882379775120414 7.461375130551425 2.628594387895409 -14.72255604510239 8.18583809818716
102 1020 0 0 0 1.4851333472059856 14.50403043165937 -0.021321354632697673 -7.66382647559113 6.555229848427776 1.7401691127424401 -15.2899597377983 6.765519507604779
103 1030 0 0 0 1.2878879559204108 14.581031562803696 0.021632349356973453 -7.544095265119579 6.060896388159491 2.780653241999089 -14.727842661491087 6.752685517490921
104 1040 0 0 0 0.9222652485033569 13.24901210861488 -0.029121164632576503 -8.697142867949282 7.380614428283341 1.478991608794197 -15.57097385774889 6.748740674938831
105 1050 0 0 0 1.160056600158628 13.279824320255381 0.008175970838658418 -8.696739215058251 5.997554259482454 1.1763169072925992 -14.64158305958611 6.752873468267028
106 1060 0 0 0 0.459742699332619 13.181516053836337 0.013563765242647638 -8.337909032891371 5.613686934738363 -0.4631909029917922 -15.099137976872338 6.489694968552346
107 1070 0 0 0 0.6425786675239077 14.10891825669775 -0.11829293758358807 -8.045351560346766 4.765834512566805 -0.2815744513307926 -13.403792029417035 7.554942307114278
108 1080 0 0 0 0.3308318811575843 14.147363647017238 -0.16298796142009964 -8.104221109449814 6.03349409813999 -0.45209966770799404 -13.718839209941441 7.96463637402277
109 1090 0 0 0 -0.20170003410986187 13.52073878476512 -0.15755871235533622 -8.640937390240268 6.335318300016105 -1.1404410265946365 -14.140584844893695 8.139961880249508
110 1100 0 0 0 0.6977497124786847 13.114214645744024 -0.164135945457424 -9.820051548714233 7.083437912662108 0.4242805251326198 -14.637808550042033 8.525322676243105
111 1110 0 0 0 -0.2852980729357232 12.917979357329392 -0.1700460415289355 -9.325199609930785 7.524103938775451 -1.300423976880076 -15.919238178058514 8.521582205675069
112 1120 0 0 0 -0.9292768200135207 12.956169840668444 -0.11231392516453353 -9.369059584976117 8.512630486911213 -2.696357345861254 -16.69402447201904 8.624400821103206
113 1130 0 0 0 -0.41034653628341833 13.241253835855126 -0.08721813346867838 -9.788039621219776 8.27224961591986 -3.1810506667972587 -16.941478301151967 9.03842406436333
114 1140 0 0 0 -0.7189679277753482 12.87624832236734 -0.12001108736068804 -10.67453334074243 9.720200537211635 -3.387406809753002 -18.35560678690046 9.9858043274733
115 1150 0 0 0 -1.9620791778049385 12.657055728077458 -0.13759383766461003 -9.804340813936246 9.567612554717204 -4.2570994804416165 -18.664927903854483 9.789802485768485
116 1160 0 0 0 -2.186974315415792 12.253771119202732 -0.11171993932165504 -9.711397232292667 9.383911844101542 -5.361982056405656 -19.42917227327152 9.693951399156418
117 1170 0 0 0 -3.8661100063967324 11.557981733092348 -0.15388356955478855 -8.93304672236917 10.45060739009231 -7.120623404237231 -21.288707960784073 9.643155204073647
118 1180 0 0 0 -5.258335608148308 10.780699080742668 -0.15312694256337123 -8.903883427345264 10.872008402190618 -8.499462120069536 -23.248388619724782 9.646981967477814
119 1190 0 0 0 -4.716836700513935 11.076654521721771 -0.1361645880707702 -9.926902429842258 10.94387319869338 -6.193936581964087 -24.685058376080512 8.684320250675224
120 1200 0 0 0 -5.477705614106361 10.776224726748191 -0.11767049514054347 -10.080988530404069 12.24889306401442 -6.563074478661986 -25.253251935937314 9.993917971686045
121 1210 0 0 0 -3.3262201522166874 11.742782355358914 -0.03393584099500788 -9.941694617354736 10.214635310097956 -4.010360773003141 -22.921575803332573 9.450017949806268
122 1220 0 0 0 -4.083370535901349 12.130105747000139 0.038376324625242375 -9.273447026199806 10.437374169016259 -4.155973125709572 -22.91663484787361 10.041611425295358
123 1230 0 0 0 -2.8517567628539964 12.846530732476598 -0.05699495361419685 -9.104223203233715 9.199132439733626 -3.159923794269183 -20.471822855335073 10.902536853728204
124 1240 0 0 0 -2.3277552430051127 13.31490646608018 -0.17549877627867874 -10.456451851449982 9.414994251843574 -1.7820059197235307 -20.084649065074473 10.88428090173341
125 1250 0 0 0 -2.452681474419387 12.24173385704176 -0.1827497564401 -10.84759673244501 10.561757158989778 -2.089071753554144 -20.547552438101242 11.329737785726353
126 1260 0 0 0 -2.8317185155717066 12.150714914491349 -0.1594816297784298 -10.864407135772192 12.233379477925688 -3.1873493451249173 -20.877045922748334 12.847198354633992
127 1270 0 0 0 -3.1162187262328596 11.989426114563413 -0.18344250221500094 -11.132248139090212 12.364053374567149 -3.244262389559252 -20.937099657245977 12.563545021382552
128 1280 0 0 0 -1.993107134493608 11.471784410040655 -0.17869996730147814 -10.340366638503685 11.490642215143597 -2.928303659009477 -19.089402671648763 12.295431615729793
129 1290 0 0 0 -2.7712247299749744 11.439862770453901 -0.24630950291553536 -10.58956230889306 11.732786861236164 -6.0728906142928505 -19.864291819836403 12.016029566747969
130 1300 0 0 0 -3.2675957993452434 10.887307105925391 -0.2756784531292568 -11.104234290699026 11.798612409729353 -7.856845748761125 -20.966013442002605 11.195154570510226
131 1310 0 0 0 -4.296553802831164 9.306814506914117 -0.2961253467931648 -11.875208019578388 12.159391296221397 -9.680996631957864 -22.7203767865185 11.797047222731708
132 1320 0 0 0 -2.543008345230035 10.243221303460569 -0.31512437868100995 -10.877322754223844 9.667114857984197 -8.578691866841995 -18.74910330197845 11.392938984868218
133 1330 0 0 0 -5.069320856744595 9.20714853720376 -0.28127475193169027 -11.035042414172354 10.955403501724188 -11.575872433330503 -22.306803151408484 10.898520360955201
134 1340 0 0 0 -4.143702319328159 8.582856028570282 -0.23124901849005977 -11.580589678941925 10.72852930948073 -9.425615047940285 -22.548586819282924 9.31546672873273
135 1350 0 0 0 -3.8828811603096534 8.407106891251932 -0.1815918321185503 -11.245635225783335 10.902452773861196 -9.177453015832182 -22.12555096695386 9.970105395739324
136 1360 0 0 0 -4.00020125581065 8.349056000925076 -0.07508612340614836 -10.444116610846356 11.379293977966938 -8.312484075283209 -21.75074519190563 10.653745915119258
137 1370 0 0 0 -4.133620331933649 8.515767465333855 -0.07013880078964932 -10.095257564246866 11.869874446207698 -6.725932654974104 -22.90603543222972 10.506147496093545
138 1380 0 0 0 -3.580055755620013 8.09987912383116 0.04855127338760047 -8.840061918565286 11.757071105045977 -5.920842991273163 -22.743231005546985 10.04958166413218
139 1390 0 0 0 -4.111419977907448 8.371243994391484 -0.050966742176832905 -9.344959967999856 11.654929160320513 -6.588909069703422 -23.735013611066794 9.443688755436376
140 1400 0 0 0 -3.3005654738285526 9.192190977898278 -0.05295360294813958 -9.263933568539935 10.348257230835396 -4.583812945342422 -21.10383776243026 9.916614328066778
141 1410 0 0 0 -4.276267294444633 9.355853229230416 -0.12057824431121973 -8.293568880689648 9.251632381864743 -6.005922259083662 -20.584643850545493 10.046778772772878
142 1420 0 0 0 -3.6630736733397056 9.70352246679979 -0.13721489183581023 -7.993146413918265 8.560670401001083 -6.005803174725241 -20.77569748542353 9.263720374607615
143 1430 0 0 0 -3.618479435943145 9.214224280931424 -0.18832761195202252 -7.436802283532693 8.505240174333482 -5.390109590971773 -20.580817704396164 9.496300663056155
144 1440 0 0 0 -3.8052059711177346 8.703685393930039 -0.10221452788450724 -6.456755428000297 8.988003503137625 -6.555429392552804 -21.2170901638611 9.497710767192531
145 1450 0 0 0 -4.410803491562832 8.973966195689993 -0.050885387213245425 -6.024729627436207 9.422383630364205 -8.728221838131093 -21.77562665777074 9.122981115201204
146 1460 0 0 0 -5.4616933473202085 9.301788633327856 -0.07934925463315169 -6.550918390979714 10.342057121307182 -10.246777779730971 -21.600356007511518 11.76944034361536
147 1470 0 0 0 -5.25199874105921 9.017626218932161 -0.09539048145076587 -5.611377192906638 10.93170707422527 -9.402176366740594 -21.716823029195382 11.038104248498234
148 1480 0 0 0 -4.604338282291245 9.679189099455083 -0.16160331276961212 -6.629225142176359 10.210197584263451 -8.33296798780134 -20.57619301225307 11.594690730809152
149 1490 0 0 0 -5.680999542322987 9.087378629070257 -0.15551183363530652 -7.871272219156623 11.755874004650455 -8.987722521574613 -23.427748780603658 10.825903937711601
150 1500 0 0 0 -5.057980842280272 8.558574581113916 -0.11483566674065336 -8.578745912869136 12.71263641194436 -9.287568601554806 -22.990636775354982 10.88477239524347
151 1510 0 0 0 -5.62591811447281 8.265394371394947 -0.05999523023972348 -7.914408161996267 13.133726478177364 -9.333208301413185 -23.884024574793393 11.37519244576706
152 1520 0 0 0 -5.926245234533111 8.550114443548981 -0.07816410434509219 -7.629185127362925 13.932981963848146 -10.381775446911684 -23.84177181069884 12.841930260341408
153 1530 0 0 0 -5.5459436422840325 8.917339741368288 -0.0028665459490681 -7.708100824161292 14.126037713700732 -9.201957446897817 -22.79671601636616 13.825771406971214
154 1540 0 0 0 -5.013621684207308 8.999794508354546 0.12397891059539579 -6.4087735765481755 14.26996102855608 -8.404892385602096 -22.392274930248643 14.645632201818561
155 1550 0 0 0 -4.513933724606351 9.334098109504032 0.08485022311656282 -5.213378511307568 13.558232133794045 -7.883560938547755 -21.933050203349623 13.670456493705158
156 1560 0 0 0 -5.105163110516523 10.105874651762276 0.05737927007199936 -3.9939003744927137 13.24327885117184 -7.735306045626913 -21.638692677091623 14.574267118925226
157 1570 0 0 0 -4.814933298958097 10.369952441924992 0.10101969313946228 -4.233980433347066 12.932369493793527 -8.453258490236633 -21.180017695384677 14.254209224568575
158 1580 0 0 0 -5.14756277531791 9.717278938249322 0.10439070281008182 -5.388356883098911 14.410395554846698 -9.753849016815362 -22.649083626656928 13.892578472464692
159 1590 0 0 0 -4.092375555929565 10.954842905435942 0.06475516439452358 -4.610288161813092 13.570597826155264 -9.458319486649685 -21.271138048912338 13.72705030120564
160 1600 0 0 0 -5.45984540124162 10.419952704564835 0.008857530856275726 -4.649550011015963 14.60221857397188 -10.805310276984326 -22.819234563422338 14.205233760710394
161 1610 0 0 0 -5.620843339536324 10.056734547094191 -0.02386140936911666 -6.741358932464648 15.652714391576191 -10.079529553376434 -23.17723660867085 14.246711023693456
162 1620 0 0 0 -4.56849780015627 10.336126377745023 0.025437862407193194 -7.062399630946741 15.695744506132945 -9.103877284460452 -22.243639414672014 14.376116334380079
163 1630 0 0 0 -4.803245535603332 10.313685424243026 0.019968519397212708 -7.464227028831656 15.775851873556398 -9.73031552345294 -22.831257296424145 13.96452010787267
164 1640 0 0 0 -4.344072481307469 10.663335620758165 0.019427491434291885 -7.875703645742692 15.733664939766404 -8.95693166208241 -22.361112833740084 13.992690020407686
165 1650 0 0 0 -4.430837294576526 10.063946479745447 0.0036782525627231874 -8.13059969862959 16.40508462165901 -9.28287604730731 -23.10350534754937 13.679381068677904
166 1660 0 0 0 -4.907562850063596 10.844976963135773 -0.057966232414097464 -7.044799626275849 15.702831119965094 -10.124199266529198 -22.702393351803195 14.13296189472872
167 1670 0 0 0 -5.001155992880378 10.467926433995629 -0.04973993898088372 -6.81695739959603 15.68586488609195 -9.983008822302075 -22.92121842588257 14.19725003409696
168 1680 0 0 0 -5.213332728094275 11.021530700442364 -0.04267267937694264 -7.6213336409419785 16.842114795618198 -9.759246230029635 -23.614462240862757 14.774371145627459
169 1690 0 0 0 -5.279356467782164 10.945992240373574 -0.06111190536887799 -6.815665486326155 16.161050384426826 -9.846717218925777 -23.34566870401311 14.74047770371652
170 1700 0 0 0 -5.418147214154753 11.280483651102351 -0.061114869491492925 -6.719362971046969 15.984332763537745 -9.523918907427369 -22.97628892862534 15.13695873378478
171 1710 0 0 0 -6.159220064197327 11.537687064317957 -0.14827774181512762 -6.573669797612074 15.698014082057165 -11.089415127031877 -23.02228279034028 15.214254001568044
172 1720 0 0 0 -5.379453746965956 11.81506936639058 -0.10409739656787532 -6.780353346369825 15.675580129255524 -10.01446538291045 -22.203112734579484 15.135405426130905
173 1730 0 0 0 -5.3063253569442015 11.459501701235956 -0.13886073964833442 -7.086053310119174 15.845222827916563 -10.073887184754444 -22.54410592641289 15.100904546466513
174 1740 0 0 0 -5.046633480323857 11.700532404905802 -0.07696085654522157 -7.4157995685100335 16.45950706281694 -9.72792256484261 -22.848257278254234 15.211126265714764
175 1750 0 0 0 -5.019788823636997 11.672007216742465 -0.05254715741148864 -7.625876118299395 16.61474253690828 -9.999946778671172 -22.879154592308996 15.2208107740164
176 1760 0 0 0 -4.974955109222638 11.75763559944067 -0.04420884971988194 -7.9416034167278555 16.973439714500525 -10.047493719300862 -23.066593671865576 15.263414293426996
177 1770 0 0 0 -4.832449845027189 11.831586698358237 -0.004815522525455938 -8.063570511041679 16.757426504493314 -9.817563551513132 -22.94666775514073 14.955665746406611
178 1780 0 0 0 -5.01959031277839 11.542413949536689 0.022294893440485547 -8.630896068115337 16.783133887185482 -10.362249748881606 -23.209292426782003 14.756184007019915
179 1790 0 0 0 -4.455919014641667 11.079686201960858 0.04584141560777162 -8.675950697048979 16.432771029161444 -9.587591429012347 -23.002258364266773 14.094168926187944
180 1800 0 0 0 -4.421536255853954 11.104171613225843 -0.012292928530019946 -9.024983328280573 16.482955771432984 -9.564253786723953 -22.61063490143409 14.199030903440192
181 1810 0 0 0 -5.208227663459567 11.427910707715023 -0.1268774755496842 -8.397242497471964 16.058649172045637 -10.473486685670553 -22.443049112584433 14.719463734963982
182 1820 0 0 0 -5.755468845598173 11.269629408160025 -0.15417740157473522 -7.804099038830355 15.313346003084183 -11.476826142650403 -22.706753997602053 14.175106240182114
183 1830 0 0 0 -5.797522712239718 11.14435679784195 -0.1538214068017568 -7.96766014729423 15.433091089564044 -11.283448141612196 -23.068314894644114 13.867482851226208
184 1840 0 0 0 -5.875309546159664 11.166913873413838 -0.15890106807214996 -7.258634237381359 15.684226843491748 -11.362944170728854 -23.18556284265644 14.182305213878346
185 1850 0 0 0 -6.060144465677239 11.789231254410515 -0.15178682092394816 -6.432680388899043 15.465852261161595 -11.203614816281187 -23.001189882984974 14.207422737586345
186 1860 0 0 0 -5.718531669322746 11.697246134454378 -0.14239667951492316 -6.794993087106302 15.161850201533502 -10.908077870444094 -23.056013053046097 13.433227096911116
187 1870 0 0 0 -5.374553491138735 11.428387045079122 -0.06156384434875721 -7.642715228265412 14.920158101827951 -11.249984908436979 -23.060333865947445 12.869605252166268
188 1880 0 0 0 -4.384348449602044 10.55549956089963 -0.04252071903643993 -8.751390527742808 15.04306664703767 -10.672262244613288 -22.683484242510087 12.350657460002436
189 1890 0 0 0 -5.300464131287432 11.256197645237055 -0.14144720046811138 -7.990343114381932 15.069590940065266 -11.249136533297936 -22.70013063227208 13.139053217063722
190 1900 0 0 0 -5.662051167710727 10.949942608824092 -0.12768098846367112 -8.585086099646974 14.691589972697562 -11.974083826683195 -22.921428946906868 12.913272847794032
191 1910 0 0 0 -5.184584580400251 11.216476849782392 -0.07629020509833764 -8.19977068630821 14.622928697020862 -10.911482928527494 -22.459819724144253 12.974195734072962
192 1920 0 0 0 -5.051055858631001 10.709863478858475 -0.0749327769338227 -8.68888542561353 14.762244436186386 -10.771391969683954 -22.78575154982324 12.52520000744385
193 1930 0 0 0 -5.341432362341063 10.7358951492745 -0.13997086082053714 -8.134950068587644 14.430387673501532 -11.09695416261206 -22.764425647424503 12.450953565032139
194 1940 0 0 0 -5.55998980567959 10.92547483183977 -0.16461903373663786 -7.834912161886006 14.526147072094725 -11.066792414338696 -22.720969284655414 12.861680933183901
195 1950 0 0 0 -5.891414379985303 10.951989410329805 -0.18330237365028051 -7.443612201798988 14.180118335706764 -11.270912555462935 -22.859791093137535 12.555898502451635
196 1960 0 0 0 -5.828227314747284 11.023270475602514 -0.20157661477306638 -7.465977929362009 14.593831923958751 -11.39769979656461 -22.87467291627581 12.862885375350556
197 1970 0 0 0 -5.719519685623379 10.898963887718017 -0.18668073595086726 -7.836822530261108 14.609175839194956 -11.554158571406921 -22.672975801402576 13.015070068623036
198 1980 0 0 0 -5.812610926675624 11.054032422700182 -0.16252566309750313 -7.827154103662732 14.964113742702782 -11.53782970277479 -23.01374305524559 13.120445768078989
199 1990 0 0 0 -6.168767890804702 11.195232960851156 -0.18311112859178572 -7.571338511593313 14.977681241947229 -11.934556003089872 -23.150695446550543 13.344210677058966
200 2000 0 0 0 -6.071583760402192 11.119499373215184 -0.17563881870036324 -7.384947950424128 14.723240242819271 -11.907556957596885 -22.77033702039225 13.40803709256755
201 2010 0 0 0 -6.10303372686731 10.831018708011788 -0.19216228774677288 -7.595908123345161 14.376448027950552 -11.892352748915304 -22.73626052163668 13.14409340173565
202 2020 0 0 0 -6.146799029427937 11.017028543420347 -0.18414326388464228 -8.002967201685223 14.784098286701427 -11.964287030998998 -22.841933987783737 13.560708879340044
203 2030 0 0 0 -6.064083438534929 10.87069133472955 -0.1675763629578641 -7.729111182290611 14.545151153236015 -11.775023706134881 -22.955941249907205 13.076332965708197
204 2040 0 0 0 -6.144617338617759 10.861838276774767 -0.16211475805947143 -7.891762060908412 14.557952022941434 -12.233191106542224 -22.95370413582251 13.215771483537468
205 2050 0 0 0 -6.217964103159801 10.892557510179122 -0.15324870302275204 -8.179773952752594 14.548600687756544 -12.265458238165483 -23.090315829781176 13.126392738276671
206 2060 0 0 0 -6.35792146828268 10.737363426560854 -0.16255906105104329 -8.573992669672245 14.554033481166522 -12.762035760580424 -23.393966860081864 12.989175638083713
207 2070 0 0 0 -6.610354629332776 11.163602808759041 -0.15889836723706985 -8.53952382860235 14.483293367064343 -12.636754461784575 -23.526868330282017 13.090035848215955
208 2080 0 0 0 -6.394235026532131 11.1331285203945 -0.15726796812055582 -9.246147739699877 14.87170146294135 -12.397710722695876 -23.37638068693197 13.41380322694641
209 2090 0 0 0 -6.208189098738498 10.879343950999106 -0.11917194338650981 -9.2977847588009 14.777995960439418 -11.973060728691449 -23.468082430279882 13.1132697333891
210 2100 0 0 0 -6.335689635898378 10.775522466967768 -0.1245848154988569 -8.797483618717914 14.550058218456421 -12.132361164316276 -23.462186969533143 12.99530138520247
211 2110 0 0 0 -6.73051449974739 10.973473282381251 -0.1787257744173456 -7.81907430173438 14.205417577133234 -12.288795747690143 -23.414618216991943 13.121749028733749
212 2120 0 0 0 -6.6566237413238625 10.903325931897362 -0.17602161557151474 -7.825294423716479 14.167993126453677 -12.449973904093842 -23.339416950977167 13.028500327063924
213 2130 0 0 0 -6.578564794116406 10.850768508230264 -0.16450017258492944 -7.65159278404807 14.341423229183393 -12.31448543367528 -23.422056138157288 12.994870545971413
214 2140 0 0 0 -6.7037085700034655 10.592639406457625 -0.1919425345485184 -7.593940704192791 14.237194211761382 -12.473845633519566 -23.378403442480792 13.047577184200783
215 2150 0 0 0 -6.607511586256295 10.519485078642239 -0.19462539976659549 -7.827135428280963 14.24836789880475 -12.41691123213843 -23.426636744325634 12.755851390593872
216 2160 0 0 0 -6.716769869153173 10.32137936013978 -0.20463727711395538 -7.776309653313782 14.024462605984482 -12.428805243965092 -23.422742298961424 12.735696583968267
217 2170 0 0 0 -6.768668921285927 10.209329085550475 -0.1971620484257507 -6.85970730860508 13.735101762525744 -12.435491274860947 -23.424833930437273 12.608859415911839
218 2180 0 0 0 -6.7547441160593555 10.090306829388938 -0.1831281073746921 -6.4868242146918895 13.573093827540532 -12.494971947455465 -23.427864252698985 12.362187631985636
219 2190 0 0 0 -6.52049695204955 9.83110156003169 -0.19063821061654806 -6.752806448053849 13.973503079100905 -12.390333085501892 -23.393325602137143 12.533649705085239
220 2200 0 0 0 -6.250276897246752 9.924134400060511 -0.1564209414202643 -6.6809025464570615 14.019134428742264 -12.000869224324862 -23.450944913776993 12.242123622571246
221 2210 0 0 0 -6.1315302492364765 9.747369691203511 -0.15090923311548884 -6.9613793633410275 14.005903782277976 -12.031685400879295 -23.41933653863972 11.98563792702871
222 2220 0 0 0 -6.333645464264824 9.812301317899497 -0.16908239101064082 -7.11780345310546 13.889029618793636 -12.221338500645611 -23.38551341659474 12.23199088594592
223 2230 0 0 0 -6.175435216653193 9.756807581965727 -0.16503476435114245 -7.219501851523503 14.041631129275602 -12.078395845626645 -23.420386292084064 12.135141053802272
224 2240 0 0 0 -6.119022525124515 9.640302983613202 -0.16995167753729512 -7.1699685245956495 14.211304730963326 -11.784106723758123 -23.450414644593728 12.142421424827905
225 2250 0 0 0 -6.001744505157579 9.401129159522998 -0.17131970867726612 -6.825541250222228 14.160715856652557 -11.666918094073727 -23.41811150574951 11.924420127203751
226 2260 0 0 0 -5.912324291383214 9.328205025096441 -0.19278275029747183 -6.653712664407255 14.033549524847336 -11.513039403862342 -23.38698887357206 11.720684004798182
227 2270 0 0 0 -5.809151957013724 9.374501877885269 -0.18436100791107354 -6.900041022524941 14.348222666829404 -11.25739847658851 -23.429219822850246 11.764184283735288
228 2280 0 0 0 -5.701300053843966 9.215560370436796 -0.17947047600247926 -6.748080855964595 14.251115993124753 -11.269961656520316 -23.40486940461609 11.566402967469932
229 2290 0 0 0 -5.869907335233559 9.067860987815498 -0.19670422216454767 -6.6898720630212845 14.172042237283247 -11.753082366657209 -23.406467572092854 11.583984092064853
230 2300 0 0 0 -5.892914618540903 8.85800517701058 -0.19632077513111212 -6.223147662143317 13.96205740788968 -11.608560913486583 -23.413595257069773 11.451094745787138
231 2310 0 0 0 -5.893065422064186 8.57170345855367 -0.2067929584949053 -5.815415231613994 13.806842518967944 -11.590983782355435 -23.38039746065433 11.32088057148695
232 2320 0 0 0 -5.826582549383529 8.762079689459249 -0.18701681428869654 -6.467769049242475 14.15776613363222 -11.424296262554417 -23.407190298592933 11.546781959427081
233 2330 0 0 0 -5.741615973930114 8.809764621493295 -0.18524695879034364 -6.360846167394092 14.357314962161501 -11.615337099072535 -23.421503816034203 11.536528563772551
234 2340 0 0 0 -5.597395354483344 8.735752412376714 -0.17888356565005592 -6.339602961211575 14.372722849055705 -11.415070825091542 -23.419821513696352 11.418781890445535
235 2350 0 0 0 -5.693232736447664 8.730271864302887 -0.1891036115076511 -6.200994231307264 14.467008413043592 -11.364727036988617 -23.435114036491594 11.618203345885934
236 2360 0 0 0 -5.708254414662653 8.616431637911397 -0.18404246074242878 -5.852512379893377 14.201508503096004 -11.275825109806982 -23.417778539409948 11.484649977488449
237 2370 0 0 0 -5.55031898678322 8.264528267762952 -0.19595404941386738 -5.652870515537186 14.166593763950662 -11.232591030127297 -23.435154914964276 11.214223230858066
238 2380 0 0 0 -5.505635723331634 8.327456958999278 -0.19538202382505437 -5.833122315752631 13.974582281752397 -11.097823864043114 -23.42463315750161 10.977931394528062
239 2390 0 0 0 -5.368492719675777 8.270379568175905 -0.18859536046298353 -5.569506238369639 13.944720548212816 -11.02409420088905 -23.404462969354423 10.730023327589539
240 2400 0 0 0 -5.232850511835665 8.064781492581954 -0.18558751400654655 -5.577076819811505 14.006776704109962 -10.805292973774762 -23.43860932844396 10.561952855958596
241 2410 0 0 0 -5.253930928472994 7.978083538208145 -0.19011783904509086 -5.694155302059942 13.91476291392846 -11.02333284118225 -23.412364435149723 10.548721690843813
242 2420 0 0 0 -5.39616596720147 8.0347000364743 -0.19155056826879024 -5.757301169941142 13.81690741760822 -11.30323335568374 -23.415061437466868 10.674720379593976
243 2430 0 0 0 -5.431057044453056 7.958471715785829 -0.19420748381087444 -5.507242490207394 13.624303839999616 -11.590620096938116 -23.40680022399263 10.581075229430613
244 2440 0 0 0 -5.364057659752167 7.948984862533871 -0.19556404317195086 -5.1647587295425295 13.69262359724934 -11.611772555633832 -23.41711732365335 10.561319538074793
245 2450 0 0 0 -5.358617216960821 7.7882325912772306 -0.1959447090532504 -5.2130074067496395 13.580148355155103 -11.840249378252524 -23.402688514480666 10.521486590703633
246 2460 0 0 0 -5.384758387238553 7.921438769402699 -0.20963526646253894 -5.307731778427112 13.65128668113115 -11.841747326933614 -23.40304013448834 10.625337930081045
247 2470 0 0 0 -5.3787246127827935 7.980578062915344 -0.20348392018382086 -5.566738022597004 13.714381178842867 -11.71591721137194 -23.40209025167861 10.582926293136534
248 2480 0 0 0 -5.17364152392357 7.701781242638019 -0.21213464501990092 -5.598518663750315 13.785131686494848 -11.813222699057821 -23.405607031743887 10.400937436205115
249 2490 0 0 0 -5.248237827288367 7.7607627985783125 -0.2086486299106742 -5.967082553487577 13.654423927813093 -12.058344623278433 -23.41203856141022 10.373923467115969
250 2500 0 0 0 -5.204161201128627 7.453255813518244 -0.21152709290207855 -5.72036409653413 13.515202872404355 -12.224473737722601 -23.402295199121696 10.243859333026965
251 2510 0 0 0 -5.083221855576563 7.386926514837126 -0.2079107917125228 -5.591674524133903 13.491748762902178 -12.073755177004715 -23.405133189443735 10.174168106156657
252 2520 0 0 0 -4.937890094146979 7.174220378260141 -0.20308532778923102 -5.839415913549184 13.453420576472451 -12.234735213145633 -23.4083256160585 9.94186826725782
253 2530 0 0 0 -4.888764641546087 6.99119378061173 -0.20809558950458873 -5.866463583258262 13.254561965629383 -12.594392846390836 -23.394663950898813 9.717987226808026
254 2540 0 0 0 -4.910698696494544 7.0274950876042865 -0.20919470499554282 -5.783756274471199 13.372462742305073 -12.69346238789017 -23.39358960383718 9.825085635287385
255 2550 0 0 0 -5.01150662562823 7.056064407554215 -0.22528112497029248 -6.062791115253044 13.234693690224644 -13.090357154023176 -23.378230924321638 9.867511616279147
256 2560 0 0 0 -5.010730061457068 7.16623772352593 -0.21950448343436255 -6.407290740583777 13.287838437428821 -13.065749348448696 -23.372048521733735 9.901160279344632
257 2570 0 0 0 -4.927426594354269 7.10257165265112 -0.22255710621070676 -6.555533788977324 12.940217047192842 -13.233136866837738 -23.385647647493304 9.462288603013294
258 2580 0 0 0 -4.918913195771366 7.053584267392043 -0.22935951362850354 -6.849107288618979 12.741340763845564 -13.333324031691555 -23.374461622420764 9.123256483470213
259 2590 0 0 0 -4.72519945775645 6.681343345183689 -0.23701585992533347 -6.719169439152937 12.699567529941758 -13.589324846955003 -23.368984509173337 8.95997040228004
260 2600 0 0 0 -4.654269118041537 6.782156603157608 -0.2314343485393793 -7.04869571430602 12.671676819736993 -13.691191182413164 -23.363495506478746 8.852832214024525
261 2610 0 0 0 -4.5096225228587645 6.702882215005774 -0.2220973809716298 -7.463738735847197 12.70474313051047 -13.684728932237537 -23.363123676074522 8.711277043401402
262 2620 0 0 0 -4.390025195557369 6.744147001506529 -0.22564326304531565 -7.837476188586301 12.524536319150137 -13.93676386348503 -23.35990539945237 8.415253381444835
263 2630 0 0 0 -4.219976825771114 6.652720735825921 -0.2313463496960695 -8.594554836690774 12.222360552640412 -14.247131066617523 -23.355049835495972 7.912465576584894
264 2640 0 0 0 -4.255495527704394 6.542242642088699 -0.22338199089888486 -8.43400572153861 12.531967913346326 -14.25075211239142 -23.36941856657448 8.270055266877357
265 2650 0 0 0 -4.348444167669779 6.794819340543238 -0.22053528185134247 -8.832130271705635 12.816665651264756 -14.311076131512152 -23.374106649203593 8.78888059670727
266 2660 0 0 0 -4.148157467492495 6.98861346443762 -0.20656805729030606 -10.118949940589168 12.966829179513812 -14.760238251519546 -23.378929182996337 8.785352187356258
267 2670 0 0 0 -3.9009898167673582 6.9501107718703885 -0.21757906078122594 -10.4846774415819 12.925195264462939 -15.176017652995485 -23.34522263635758 8.371576792824339
268 2680 0 0 0 -4.26725520014808 6.998763792815138 -0.22242600059662118 -9.410094735700975 13.1249606804784 -15.428803853409164 -23.354798267543497 9.037344548555161
269 2690 0 0 0 -4.169888446380144 7.207266971045139 -0.21603099140696275 -9.685914661473603 13.111828574984557 -15.567843515883478 -23.34794969658038 8.879864241735614
270 2700 0 0 0 -3.984025412280255 7.19417558022076 -0.2168975499111943 -9.672810165237397 12.815726483940217 -15.458879988572466 -23.350071223023807 8.310467713836383
271 2710 0 0 0 -3.9304160431758226 7.169004270019727 -0.22142877453304158 -9.461416208304252 12.348229505118159 -15.80741209694155 -23.332162616220458 7.536605267625571
272 2720 0 0 0 -3.904126578846471 6.840420734449228 -0.23972946867935485 -10.374015397366016 12.098321679193159 -16.61721155194851 -23.312688680878345 7.383095234976304
273 2730 0 0 0 -4.02871794137111 7.34701489848144 -0.22248490882495223 -9.78087451439392 12.652091142228102 -16.0026935489197 -23.32159296903991 7.926326706297794
274 2740 0 0 0 -4.0114946803134695 7.294483211035073 -0.22392221166378937 -10.808934854685956 12.775333389775415 -16.82023129882516 -23.31944200594524 8.041670827794825
275 2750 0 0 0 -3.728932358349839 6.4629626091634655 -0.24299677213271423 -10.744540275739148 12.395859231114407 -17.366476420104348 -23.301855649504684 7.451551026281488
276 2760 0 0 0 -3.9640623831030246 6.6696225641476445 -0.22773955730213793 -10.172786790210509 13.091267449926123 -16.809073493654008 -23.312894442167163 8.641556937144063
277 2770 0 0 0 -3.830680513166103 6.536038139933484 -0.23885363064678292 -10.187128923840593 12.895336375532139 -16.965921563326468 -23.30381813553184 8.389930451505633
278 2780 0 0 0 -4.027752791720142 6.737651364731831 -0.24107209686452472 -10.506225783131088 13.049081455988873 -17.674620498968785 -23.3009809629894 8.746484791351538
279 2790 0 0 0 -4.100697675723357 6.8460406128211835 -0.23357276817464437 -10.081378658511682 13.27023866271125 -17.40778124123005 -23.309191849299523 9.147057632084755
280 2800 0 0 0 -4.109021561953399 6.653509952055418 -0.2369160779701946 -9.757433758811649 13.36765356903223 -17.654455231861323 -23.305125493027695 9.203803871918687
281 2810 0 0 0 -4.074002011882448 6.494267680284448 -0.23924323420261204 -10.178153612525483 13.459313410870783 -18.02292523662541 -23.313274205407417 9.2554707841837
282 2820 0 0 0 -4.060046094164704 6.5968541182841856 -0.22643901804138797 -10.434040903384995 13.594379196007202 -18.295416877696347 -23.307974376307687 9.343998810846852
283 2830 0 0 0 -3.992439293479789 6.722053085515942 -0.23368788733882792 -10.372965893277025 13.364272624604775 -17.96847372344352 -23.310193809246204 8.953503784579553
284 2840 0 0 0 -3.9541223409519675 6.730705476602385 -0.22712888367578526 -9.9559576707594 13.355558389951263 -17.73291610747052 -23.316870481053492 8.838021166877278
285 2850 0 0 0 -3.843140108279531 6.597181330742147 -0.23256470870503998 -9.867917358152974 13.112610452055051 -17.49395251943793 -23.31347312557509 8.435764876187296
286 2860 0 0 0 -3.898223685241033 6.3945935966501475 -0.23196679264151984 -9.486725297355823 13.1963633447699 -17.609089389057992 -23.309482456311255 8.61003027219505
287 2870 0 0 0 -3.947865300278378 6.485976620971937 -0.234613977758728 -9.452767595851219 13.011597718599509 -17.609183975455892 -23.306283550245112 8.47961620198243
288 2880 0 0 0 -3.889137100654801 6.508874702992951 -0.23790790909561052 -9.799036931675424 13.01644385459536 -17.852224153282265 -23.305373505935144 8.373631757263945
289 2890 0 0 0 -3.7513157700555806 6.5532045268243975 -0.2356664166590747 -10.148412874627892 12.970704506679587 -17.85409171318356 -23.306872710495742 8.060140181333825
290 2900 0 0 0 -3.7998050919229867 6.517917529915736 -0.23759180853013293 -10.170064446856447 13.057179007122363 -17.914715090467407 -23.301911647990458 8.275384716552365
291 2910 0 0 0 -3.8435563174737233 6.596983514689213 -0.2338587098380111 -10.245124708561244 13.057682253670032 -17.74234914505864 -23.30814416310673 8.375306286970574
292 2920 0 0 0 -3.8596295223648465 6.588369469034289 -0.23388220306967983 -10.007191451964706 13.091882345746837 -17.660920259369906 -23.309321352207572 8.379671628315737
293 2930 0 0 0 -3.860960185586667 6.541362066404839 -0.2331185759652344 -9.920190704015635 13.073899919444456 -17.546047736130042 -23.309612955068246 8.38766727871703
294 2940 0 0 0 -3.8751071491824085 6.577749820511859 -0.2314179688948265 -10.013867555867881 13.10043298585752 -17.663478731187777 -23.30915610009277 8.419116618159233
295 2950 0 0 0 -3.870754759598564 6.568006769536321 -0.23071511278209397 -10.05631777623412 13.107254393721076 -17.70434112026578 -23.309683634422708 8.455933832225309
296 2960 0 0 0 -3.881433097902935 6.567829780960814 -0.23137792059808218 -10.052071760436647 13.059901302311143 -17.722074541319166 -23.30753971543379 8.428157203450926
297 2970 0 0 0 -3.8640056894970685 6.561463076473271 -0.23205355767232194 -9.99117266359242 13.034370958626681 -17.700043446336274 -23.307164921403142 8.377992142213717
298 2980 0 0 0 -3.849058609269724 6.62155376536751 -0.2300120386448656 -9.948634758753172 13.021698097050063 -17.556825324117362 -23.310776120538918 8.305174917853941
299 2990 0 0 0 -3.8371133173722165 6.581252681834747 -0.2313402222565599 -9.975869953282231 12.996702704317418 -17.587771549937546 -23.310188728777497 8.290805414228641
300 3000 0 0 0 -3.845680018149893 6.574171944961267 -0.23196413425635104 -9.973815334544168 13.03415826014338 -17.630669777285213 -23.309954425648847 8.32112887321414
301 3010 0 0 0 -3.844919543045741 6.562407877490398 -0.23199744578677248 -9.990292325394345 13.042670863679454 -17.65899698521345 -23.309049193337373 8.343125231455321
302 3020 0 0 0 -3.857784293490012 6.590936882789705 -0.23177571335245023 -9.985551945884282 13.056607299613717 -17.62950495399443 -23.309688125290553 8.360040144231139
303 3030 0 0 0 -3.8661614218207356 6.597044363965299 -0.2313620215895426 -9.919650110600028 13.049302226107725 -17.595238541144006 -23.31069270907106 8.36936362550856
304 3040 0 0 0 -3.869585567576767 6.586461588871771 -0.23148933162000385 -9.852214451059282 13.076569700697675 -17.634245991180183 -23.310218424571627 8.3964134694892
305 3050 0 0 0 -3.879645752019514 6.575599135298745 -0.23170194411646622 -9.856509112410146 13.070842864921106 -17.60310890963251 -23.310230894307647 8.40652027087079
306 3060 0 0 0 -3.9020814215445805 6.564481245527387 -0.23215710394870906 -9.87319740926294 13.089418937080051 -17.640607233322424 -23.309947642591364 8.440654200263669
307 3070 0 0 0 -3.901916215912666 6.55051783403938 -0.2323988896480626 -9.787138975308235 13.074345292820388 -17.637385691335968 -23.30923778819803 8.431410169591764
308 3080 0 0 0 -3.8785846009863496 6.5417963612672665 -0.23234621156491223 -9.806135795174658 13.043668670705715 -17.63635673499772 -23.30884162386397 8.38353555172721
309 3090 0 0 0 -3.86679596748107 6.548967812423815 -0.2319875482376653 -9.887246337140553 13.041630985908771 -17.690976351636913 -23.308471848375806 8.368322553812135
310 3100 0 0 0 -3.877834833442625 6.545059575262244 -0.23210480621764448 -9.866054966477776 13.05561677894136 -17.678660726340922 -23.309275908231925 8.391738151017792
311 3110 0 0 0 -3.8656370225410353 6.5467979227995 -0.2320170122222044 -9.844294554006375 13.02631411914338 -17.628133776572184 -23.30892954775414 8.346736058106588
312 3120 0 0 0 -3.8710800674492676 6.559675501817496 -0.2317133114972394 -9.848075081924955 13.055680420455278 -17.648035955065403 -23.3093479061499 8.375481674147217
313 3130 0 0 0 -3.8838701508462816 6.564423970716902 -0.23170955191984394 -9.842691138440822 13.071680347819024 -17.64946635838826 -23.309430737864634 8.404709143077405
314 3140 0 0 0 -3.8929553163442026 6.55765186608482 -0.2317822702074256 -9.859062907392838 13.084005945371377 -17.67689823451758 -23.309218906995167 8.437298167399952
315 3150 0 0 0 -3.8944296677767456 6.546710744542553 -0.2319564541530932 -9.853916054891567 13.077708453398024 -17.674742232372715 -23.309369049364772 8.436666385790083
316 3160 0 0 0 -3.899419169137333 6.550791786279346 -0.23182634205137143 -9.870435496477048 13.091131310710619 -17.693897223914536 -23.309234150563857 8.45790944844248
317 3170 0 0 0 -3.891624659848967 6.545814355915288 -0.23191944760011435 -9.881119484650291 13.083009184453951 -17.700626442430035 -23.309050468737748 8.444391355977213
318 3180 0 0 0 -3.8907552018111367 6.547049605010762 -0.23192360636354395 -9.868364380602126 13.085709879787892 -17.702144144112868 -23.3088372749542 8.442528443732979
319 3190 0 0 0 -3.894451529739057 6.550670071306551 -0.23178183128409752 -9.863305110273199 13.089509581206757 -17.70665572844987 -23.308907295417256 8.449832917881796
320 3200 0 0 0 -3.890688514859536 6.544626154011168 -0.23190125142349852 -9.87015535475412 13.08480536365835 -17.709654004587783 -23.30879764645706 8.441033083675398
321 3210 0 0 0 -3.8943773947454448 6.5424706069608325 -0.2319648266062238 -9.845047194042586 13.084153621338478 -17.70128048771593 -23.308926090057092 8.44315788685011
322 3220 0 0 0 -3.892332593891409 6.547168292748696 -0.23188078422058833 -9.837037921203763 13.081564224029252 -17.68973133264815 -23.309142417293263 8.434805510123786
323 3230 0 0 0 -3.890099131738573 6.545822477243875 -0.23191218894979093 -9.838366990875572 13.081504258628572 -17.680210156376347 -23.309185126324856 8.430050106662963
324 3240 0 0 0 -3.8885336304443103 6.546830645901804 -0.23186517907249976 -9.841002303123739 13.079446954660813 -17.68041952315051 -23.309236714823825 8.42907772603606
325 3250 0 0 0 -3.889826255551891 6.54466177778542 -0.23195387600089581 -9.841413234961259 13.082952461187832 -17.693482295971254 -23.309046824657877 8.434710588353175
326 3260 0 0 0 -3.8898351869239987 6.542900467665895 -0.2320266105055136 -9.844817518736184 13.081059905483642 -17.69438037438467 -23.309022971965213 8.435207540926287
327 3270 0 0 0 -3.8909698294153534 6.544916988979826 -0.23200874492878568 -9.842935568793433 13.083437758373403 -17.69567730641024 -23.308942453565294 8.43922622015798
328 3280 0 0 0 -3.8902031962812624 6.545605311015212 -0.23197718079044694 -9.846059323749442 13.083461204881285 -17.69733766692954 -23.308909900574065 8.439079208262655
329 3290 0 0 0 -3.890590466010578 6.546485379690871 -0.2319493138430907 -9.84098141600839 13.084395043663031 -17.695856152263513 -23.3089862829851 8.441148195330697
330 3300 0 0 0 -3.8906899557717463 6.544842276133866 -0.23195265828167827 -9.837012013673188 13.082091603028466 -17.69509596647578 -23.308958161333415 8.441888000310215
331 3310 0 0 0 -3.890736657199633 6.542207098223733 -0.2319888741230506 -9.842278463001294 13.081895592448387 -17.698264080747116 -23.308888682062392 8.444875832088805
332 3320 0 0 0 -3.8904852022824334 6.541528620098739 -0.2320168015312492 -9.837318093621596 13.081984481610542 -17.699671727360478 -23.30885270985132 8.444114660337283
333 3330 0 0 0 -3.890093393894662 6.544213893501051 -0.23197012978734943 -9.842314513544444 13.082838217206193 -17.697158070459253 -23.3089393478195 8.44255007584289
334 3340 0 0 0 -3.890662569857489 6.546454708945415 -0.23193512518808163 -9.837018364984813 13.083781409218167 -17.69511356433072 -23.308990922617625 8.441995149060537
335 3350 0 0 0 -3.890610478063155 6.545523351266994 -0.23192319129781713 -9.837067829597052 13.083241949718404 -17.69530702716401 -23.309019328614415 8.440640521598011
336 3360 0 0 0 -3.89149757535448 6.544398189855014 -0.23195807566814422 -9.84129830034093 13.08527180819382 -17.69858247797834 -23.308966294534205 8.445707412099821
337 3370 0 0 0 -3.8920014623965993 6.544703971277628 -0.2319396896292615 -9.838374992333009 13.085191631857832 -17.69603164493976 -23.30898297164252 8.447227825682585
338 3380 0 0 0 -3.891488735405594 6.544929898274413 -0.23196822015322052 -9.839190440135152 13.083588824632615 -17.694736335907567 -23.308986758232933 8.442538514217006
339 3390 0 0 0 -3.8916093109204675 6.54401830182339 -0.2319707930182697 -9.844731893893313 13.083107384555426 -17.696186752304655 -23.30897610266455 8.443379282352723
340 3400 0 0 0 -3.891274695284772 6.544464859553524 -0.23196792735064733 -9.839390320081783 13.083192953086309 -17.69683574295323 -23.308953736058736 8.442718191127913
341 3410 0 0 0 -3.89143695504113 6.543925238826088 -0.23196263670634756 -9.839637180857197 13.083309056165561 -17.698721803199728 -23.308952313808124 8.441967061381863
342 3420 0 0 0 -3.891843986118059 6.544205162095999 -0.23195359128801107 -9.839924183359557 13.084461369424378 -17.698217509300314 -23.308971557050523 8.443460982671514
343 3430 0 0 0 -3.8918171928741434 6.544593208700977 -0.2319382368675313 -9.840502057322034 13.083788116255771 -17.69716804065014 -23.308987652137315 8.44219770116083
344 3440 0 0 0 -3.8916009027732716 6.544475646182644 -0.23194324599412267 -9.840550665414096 13.083862468937687 -17.6974292638133 -23.3089801166597 8.441135916824399
345 3450 0 0 0 -3.891523181126662 6.544871754337712 -0.23193569491402488 -9.839274135583018 13.084107969897133 -17.69751908506271 -23.30898280944414 8.440304815888306
346 3460 0 0 0 -3.8917821792290477 6.54443564955738 -0.23194444104480227 -9.83967465140069 13.08422557382541 -17.6974400252133 -23.308972064595615 8.441218928109455
347 3470 0 0 0 -3.8915195838615175 6.544549645584804 -0.23195691789514522 -9.841035890999144 13.083754106618345 -17.696706605952965 -23.308966812430295 8.441246223114554
348 3480 0 0 0 -3.8918502539628976 6.544293588157751 -0.23195680327278734 -9.839898688304444 13.08431344953224 -17.697453918945374 -23.308969340899186 8.442098844264196
349 3490 0 0 0 -3.8916647801542608 6.544288195298037 -0.2319546247766863 -9.841625385715039 13.084311267538633 -17.69746379931722 -23.308966324709377 8.441954437690622
350 3500 0 0 0 -3.891597742956663 6.544247368858034 -0.23194986943923163 -9.841626326689736 13.083782426153451 -17.697312647846502 -23.3089665345022 8.44130451647823
351 3510 0 0 0 -3.89160910170386 6.544076479908626 -0.23195260762562037 -9.841448164480704 13.083797780121538 -17.697810981954493 -23.308963677512693 8.441585954859752
352 3520 0 0 0 -3.8917112814769266 6.544344148372178 -0.23194947065860466 -9.840736528035565 13.084118145502309 -17.69777418355762 -23.308968280890273 8.44137750843145
353 3530 0 0 0 -3.8916136974001625 6.544453411617872 -0.23195558529896326 -9.841864523004901 13.083917682550428 -17.697428939709297 -23.308963715570254 8.441276213705386
