% # columns="iter, evals, sigma, 0, fitness, xbest" seed=462088, Wed Apr  8 22:26:20 2020, <python>{}</python>
1 10 0.4619055457827823 0 379.00164954239983 1.5536484407488418 18.824551328889868 0.0066099229390094785 0.9519414788628415 -21.690993160853523 5.659087672742908 0.7383237540294056 0.13702856493155563
2 20 0.4435664868813945 0 375.4999236331474 2.9687812804691998 18.24757393714994 0.0005580146200489964 0.7195007572630804 -21.869769460216805 5.541361277799356 0.8733097744756889 0.21674084468655222
3 30 0.45642338537375193 0 377.11563270453144 2.3024603653026965 19.379855473320696 0.10521800293603067 0.38684799243716117 -21.797045341970193 5.645801615265038 0.8488786764508356 0.5444171107279817
4 40 0.4592609036559382 0 378.2677724425148 2.238590450972353 18.819233089524776 0.10534524973603263 0.365726040799034 -21.211132836795127 5.786312795050575 0.9997708518946138 0.30853320370011045
5 50 0.4857418249360135 0 374.45324811366754 2.3726756069091324 19.067245560202505 0.0330003098731161 0.5930801940902142 -20.760698010866196 5.763828326115217 0.7589023004140354 0.1410351080300181
6 60 0.5189841880887417 0 375.5163944029435 1.6578603986948257 19.805310000910186 0.007161894142326855 0.3406437821448992 -20.905841104640526 6.225314919477784 0.9837471153056151 0.15068437643665478
7 70 0.5604937269047678 0 373.76247981162487 3.1306206433045034 19.670696631554463 0.03624365968210226 0.5859150568705427 -19.88464739860738 6.005413887656084 0.9989473564812998 0.2666206358347569
8 80 0.5059506227357847 0 373.312513254977 1.9364777997208151 19.502455807847564 0.0007892807210448826 0.7533355298035311 -20.209776032139274 5.5626207205213545 0.7931782319512009 0.3261244013742829
9 90 0.46161246381664933 0 375.8357861350777 2.050509432462207 20.20490775134203 0.07376520076024719 0.9082993228946561 -21.18436847819989 5.31408665088096 0.8518988543841378 0.7120475558154901
10 100 0.42133007384055043 0 376.3612957253119 1.3784496087223568 20.121040945797755 0.062194705415754434 0.9927953580308578 -21.18766976535477 5.556251710691481 0.8221364625912522 0.8211708693289067
11 110 0.38193735578906957 0 374.8069372034648 2.1168265393455616 19.40689997926894 0.03605582609370104 0.590634991626505 -20.726181058440982 5.389871723504738 0.7722558544112617 0.6254591158360113
12 120 0.36570319235021426 0 374.2891705336673 2.31946330520122 19.189230663897966 0.08207405414274938 0.5270201398715771 -20.43444814904286 6.021142676348664 0.7200418313340979 0.17336936091658034
13 130 0.35887352845942433 0 373.46756357007143 1.9924041713269385 19.88589196583586 0.006850281067128997 0.36706377515122735 -20.533412652558866 5.903134470422085 0.8958035993579667 0.6126849220087148
14 140 0.4141462397187484 0 372.6738229046 2.0314985209124368 19.58349546588616 0.0017296232232767534 0.2770338800455356 -19.583669364444127 6.1553178874889065 0.9773564534968869 0.4182586533843438
15 150 0.4897737259824106 0 371.50960286417103 2.588927661813817 19.816497687199146 0.12786969103160373 0.5115264049094908 -19.200151087566912 6.707299331395628 0.6575802463006126 0.4458592101282757
16 160 0.547795113421894 0 371.39890095726446 2.705564653891897 18.993114220410448 0.1519191611371219 0.15711072350134028 -19.184751061494033 6.45767330070093 0.7265251090257765 0.36915532135275325
17 170 0.5891975098086752 0 367.82633930141617 2.5982080491611224 19.439847498279654 0.09482171774231135 0.23707735099332242 -18.295881717296947 7.011278458374928 0.7608938253081325 0.24143688195198054
18 180 0.5588549089325705 0 372.07060764474966 2.6926536237554237 20.161440413823055 0.2423337839594677 0.9123993862708691 -18.122109313749792 6.279974540006444 0.6997204602897463 0.44732647767737455
19 190 0.5483982526019049 0 373.2376436420883 3.2705888822619484 20.170535257352775 0.06950422000120068 0.9769117843082477 -20.047721886504103 5.675727671956192 0.9311776316733611 0.01519554278515931
20 200 0.5799985193902363 0 370.40280937760645 3.935998098878985 19.404709333727062 0.11708721519714269 0.019477688614697983 -19.16185749284901 6.0498453718526495 0.8415511838497307 0.6677256796976142
21 210 0.6220399388424087 0 370.3228782547324 4.523065534901055 18.657484018378987 0.13568694352598404 0.008863325030233595 -19.01361116839148 5.873370368444195 0.6188485492605669 0.5015906809318041
22 220 0.6471073613017571 0 366.98079979956543 3.955264359424232 19.222997307790997 0.19923930075629548 0.07310752514706972 -17.2824023417136 6.525028104977608 0.7064699320147798 0.664201770328467
23 230 0.6215496450392172 0 367.44335444476405 4.737752979211026 20.052387341675463 0.04274341146293118 0.7515798368496718 -18.98245270575547 6.534258173686073 0.833293581976988 0.12556459860550506
24 240 0.5729676106334753 0 367.86641549400724 4.7012415295661505 19.72390846981247 0.01749699941272715 0.0007848032209536133 -19.26251758909041 5.97639202984911 0.742462540230103 0.3440543658431793
25 250 0.5971524828566889 0 367.2719367275729 4.126756778407807 18.59955821321874 0.07859859370670291 0.9499135871985448 -18.728386397758257 6.7675390002942395 0.7917189555540554 0.9908823539788516
26 260 0.65370010362686 0 365.6555241197165 6.141031527267436 18.768420611939334 0.16180036029241898 0.5924772377273246 -18.245167954726533 7.122554270881054 0.66661433354012 0.7357229199670174
27 270 0.748328661774662 0 363.8723741030934 6.000871637509968 19.48866676718689 0.10007930549592269 0.3221903443412142 -17.394629573120834 5.986485720388926 0.7755708491040323 0.394249447459165
28 280 0.7958461239301828 0 362.91593350244136 5.256055792868299 20.039952494055374 0.1290908006708413 0.5887315978083894 -15.527223455540994 7.023070365111073 0.8324816231173747 0.8693630046747318
29 290 0.7845671352676976 0 362.9560460051695 5.945000994821319 19.243597817768208 0.023177005674449046 0.3026988603426962 -17.259131195551703 7.3498398496602535 0.8507693900954776 0.5596271228475644
30 300 0.7478182253419697 0 361.9766198246698 5.710550743965148 19.285594047847617 0.024414748490000557 0.3137513162647566 -17.09801884736687 6.700711423947401 0.8052282694680883 0.13375266690978282
31 310 0.6979478101773492 0 362.9112292569945 5.166589351707931 20.566472991746195 0.048996142513073576 0.5459696123532984 -17.56534050667688 7.059155409561677 0.7398991922834337 0.25916013533550064
32 320 0.6330341018433453 0 363.24654059988495 5.158586796213593 19.824620008201506 0.0260619816695012 0.42152796918901914 -17.7428779547923 6.927688687710088 0.6582003984969673 0.11077336441914964
33 330 0.5991362805046785 0 364.04444145607636 5.219770814460888 19.347579668164748 0.002557584350488408 0.28629424933158776 -16.782766880470877 7.28042836575853 0.9209084028851133 0.04742883552150153
34 340 0.5556893420930135 0 363.8629908581932 5.848503827269668 18.7219432626641 0.19390895806729203 0.515896499547355 -17.17901525720169 7.277200441329744 0.602064501022096 0.00441300297479344
35 350 0.5214761158267971 0 360.5763289556804 5.677954644663232 20.000581804011816 0.03848764233343715 0.7356283855457526 -15.80322749651484 7.855597551258238 0.8450237428210676 0.04812133683150279
36 360 0.46570516866363293 0 359.3875015177005 5.632558896159317 19.742778987842886 0.007454798719412109 0.15256676853754236 -16.807799341741795 8.236177319094377 0.7051767126306318 0.29916696628184614
37 370 0.4785630311668169 0 358.8453668218672 6.565361019753141 19.43308943863856 0.04275215808348253 0.8133704977145759 -16.550676703445085 7.804971960236521 0.7155925957906681 0.3638405930453249
38 380 0.581428226151232 0 357.29722398641854 6.519440190308061 19.87843673989346 0.08969347679203013 0.44008779375771534 -15.765739199877057 7.880616484983135 0.5124533525386301 0.9993814577996585
39 390 0.6394416250887393 0 356.1197560019182 6.204211905688824 19.96054412476442 0.196292528408199 0.5957918864753291 -14.825981153797276 9.467208787475858 0.5357700140004449 0.8586412404117583
40 400 0.6845160516828032 0 356.88723868228294 6.576777069275335 20.964630303315165 0.11443824845210457 0.6491968432155291 -15.196424280947989 9.310587974025804 0.6836814839077674 0.7167223120628392
41 410 0.7672248635111135 0 354.06892344472215 5.984411443861155 20.23291484593151 0.0026678576165537387 0.31618615247105275 -14.91412175007872 8.902576826936706 0.5222029081197119 0.18336021189084706
42 420 0.7642867887100794 0 351.4925379036423 5.961386431897162 20.538120190966364 0.005072244849395197 0.5111423209632979 -14.254253502028138 9.524511042853536 0.5865142000442725 0.97633282671882
43 430 0.7949883767353537 0 352.338876691799 6.7778611101424 20.267809443652297 0.029332529624039098 0.6410526409498944 -13.880048091577963 9.67640800197561 0.711207735173571 0.14658610790719895
44 440 0.8242337538131113 0 352.79148564873105 5.7311328027993325 20.942220838343133 0.1145887696980491 0.5643279337066354 -14.318453560306386 10.579474972926125 0.4169922897850846 0.4071629262811684
45 450 0.8399428394519501 0 349.7031050623216 6.84382841149837 20.464109906254023 0.0034901011233349293 0.33576001337866135 -13.92385909719308 10.602049374034834 0.48548639854543657 0.19986948269326676
46 460 0.9187385667178918 0 342.4160570007075 6.1989483630402065 20.39724484660119 0.04928628538015985 0.08036024003632891 -11.433901580205104 11.892783768641078 0.38506246840590863 0.7781675132258772
47 470 0.978136330501426 0 345.9561367880116 6.868876552980906 19.281255832914937 0.030720049048114654 0.9495205471400854 -11.90347848242958 11.175172683793448 0.635140983546173 0.8727332205850644
48 480 1.1664452180099656 0 338.14717853263113 7.641981851041481 18.93275264478728 0.002867010800201392 0.22420312618673055 -9.762706715772584 10.48273228284886 0.4870274988317933 0.602639832221785
49 490 1.239050059735901 0 344.2570731337936 6.398872971091663 19.252341614951373 0.02765437571952143 0.3975993378257767 -12.09948502964568 10.974053287927656 0.45285575886861174 0.5897100124424579
50 500 1.164385843248421 0 339.2162628158841 8.090169898208279 19.94114611052452 0.0048192398159478565 0.9988998369364072 -9.913377642498086 12.292351920349086 0.2811409209635565 0.28332208849400764
51 510 1.0622815421015046 0 334.27360111934354 7.111125196378012 20.81741639043952 0.15561310596119998 0.21710463546626768 -8.102656613523402 12.282998884545862 0.28912582857720937 0.9991884704530171
52 520 1.1003765196788526 0 336.5623874568911 7.786567067457704 20.482509388403525 0.10190861270582184 0.6013191002946703 -8.804940443628206 13.492089763942325 0.4399322666064537 0.5556566168389141
53 530 1.0543493491178546 0 332.35274911596184 6.950902328889712 19.97079292185854 0.06372316235845468 0.01552106535265606 -7.234267761627555 11.66509285454636 0.45296456074625135 0.9355052538327786
54 540 0.9574517860134967 0 334.26313022563215 6.993279082063361 20.2363528328938 0.03921057098331567 0.26351652966364636 -7.314383249443366 12.47273400661082 0.1582099883923972 0.08224389715198932
55 550 1.008085436274393 0 328.830773143358 7.850752614071789 21.18176535292538 0.12055086616258748 0.35968877516198783 -6.199858454977109 13.747471615038203 0.2527144945903297 0.29112207597968576
56 560 1.0609846681518575 0 332.6329871185616 8.223453659876395 20.693718879864605 0.272974380480646 0.22376643110179162 -6.269891340054203 13.168626485426811 0.14456190029164395 0.09665690338013866
57 570 1.0251739317273143 0 333.6358810720141 9.507407955442424 18.887357137744498 0.09033786053130086 0.6109231047885153 -8.54137575218252 13.06572909678791 0.244357111340754 0.49127152986379863
58 580 1.0519529150938205 0 329.88604138565404 9.849964559347429 18.6753769906981 0.05130042581712238 0.9208783915957165 -6.670352860726623 12.23017147520354 0.3561767138750761 0.9994199616237625
59 590 1.0834817927700835 0 331.36984209339255 10.581829492221319 18.351800097387237 0.0664449895008519 0.2908013137101557 -7.187677810998528 13.08965043762704 0.35426746167921463 0.550472663620019
60 600 1.1698329575588606 0 330.3687381231209 10.497868079741826 18.33679342693731 0.17498195994313093 0.30132685784001423 -6.5397736386478975 11.307974701474638 0.19242160581041612 0.9501931886163173
61 610 1.1827376794732707 0 332.4428604795149 10.259104133656738 17.177853588116566 0.07032925314118242 0.2199490042861063 -6.509150857881812 11.81654919894815 0.1433184233670045 0.5727223214329042
62 620 1.1315856655079328 0 326.3834877977109 9.508771895269934 18.811729098156253 0.06677452394580519 0.4969052913370833 -5.01077015351814 15.145106682023426 0.29989177147753754 0.4970394767611821
63 630 1.0884393819117337 0 328.65768204800884 10.276389820281054 18.291310809321384 0.22298916482963171 0.6132710786586522 -4.554692200208449 13.335092814049537 0.0664244879017298 0.9347816628417804
64 640 1.1347278289354403 0 327.6231116944336 9.754704258558073 17.137959434823035 0.005628352330470838 0.7096404775789604 -4.888878422258885 12.211571844474674 0.3569489715658545 0.4122547005307272
65 650 1.1575992192313984 0 328.26125221315635 9.71736980465729 16.285784488007817 0.005407417562885893 0.5655718126237168 -5.099424594357168 11.826540176148452 0.3215699289260764 0.3074406042309623
66 660 1.101105937781334 0 325.1825723079355 9.27348162838629 19.302754419934065 0.042629910268224394 0.8086803152598332 -4.591388186210576 12.820619928222245 0.2885591063565821 0.7247771623569896
67 670 1.2101645070301434 0 324.43449513669475 9.70436637020745 17.395328896986456 0.005876540537008274 0.9174784260938401 -2.3619250830294094 13.296523792659311 0.38274304992091646 0.4263894013556935
68 680 1.2080185313226377 0 322.9915256325452 10.05984119156333 16.344871046160936 0.00016748802254914626 0.4366723027199022 -0.5772576643459311 13.592070936520432 0.3165812078042638 0.8819568213228433
69 690 1.1209758518071098 0 322.8978924600938 8.52541395985694 15.929911936315643 0.14835580032465798 0.6357622733419817 -3.942627845685206 11.423926334319455 0.23167631448548764 0.3076741840529529
70 700 1.1098949107523735 0 323.32627757645815 10.168932247064179 16.939786036037216 0.07054086713044433 0.5576807316548074 -2.7705683224109228 12.000192494283807 0.34579803374584284 0.7097968037062969
71 710 1.106982035508905 0 322.8793717915258 8.84486765214152 16.176131619839296 0.040048793669446726 0.41347080945874204 -3.395704523617016 11.395177845076487 0.2619002697946403 0.2528007763785056
72 720 1.2102448968723822 0 323.04074623983644 6.949858927893371 16.96024157632585 0.11758841689302388 0.5677741643454812 -3.677743405195443 11.484486883296151 0.36428184642419004 0.5773028102552227
73 730 1.2361376333990954 0 320.21236456878125 8.359960695819083 16.35960819129445 0.10521523663057009 0.7641201566472897 -1.9737820782462672 11.345803734393819 0.15715654212360164 0.15639318192544716
74 740 1.1923059238272482 0 324.3010131771705 8.251486940990395 16.379010374740407 0.051244001726548166 0.27584091606352246 -2.882058967908098 11.664822594076478 0.4602015956094938 0.09500569525648006
75 750 1.234538585987989 0 324.14970367195974 9.068059986267825 15.293878484696625 0.2341705500688445 0.37866644366736324 -2.4555158138560675 11.448519788052497 0.33954523629499356 0.4900644553056175
76 760 1.3030498439128024 0 322.02607384426074 8.519782791502267 16.789650335351535 0.0347183355618409 0.7844528482407203 -3.1273195973786136 11.413792060948055 0.29919149308478765 0.9583549162133875
77 770 1.2459293671857574 0 321.40162153569474 9.263517985830251 16.05473343480859 0.17102300298843412 0.1217829983886084 -2.40916694447962 12.608233469015618 0.13768230665155556 0.9920239293062989
78 780 1.139029679236152 0 322.49012125228427 8.50104755767361 15.981630752959237 0.003476870125647371 0.9603623957946623 -2.469820209882392 10.21994736586823 0.30882084817815836 0.9223701872247742
79 790 1.116175723152322 0 320.5343862643178 8.274650096423173 17.098408675199906 0.017617231033010092 0.991046838255126 -1.7589927337220281 11.940982079862252 0.34378826583612554 0.9297825404474326
80 800 1.3519571696459514 0 315.83779521084637 6.616414063150504 16.363351076232664 0.011516078888313968 0.5846708058359134 0.6227381263870042 12.259823067657278 0.28975447630144 0.2892852362574795
81 810 1.509578520929772 0 316.24867323383455 7.690852074189589 15.804152624267838 0.19962410886236187 0.8059765210067322 1.9049026786722016 11.096553149564558 0.2909524384368464 0.23836941742797946
82 820 1.7474869239665272 0 316.19474252391547 7.2910287784991805 14.024705319456793 0.06759232020344454 0.2604422048793854 3.8131647023241197 11.857082139747636 0.42192354542639665 0.19786511913442661
83 830 2.011130177759648 0 313.15444275289195 6.05716927262432 13.147191361525618 0.25572996385424834 0.7024930903003277 4.245539292951359 11.397427329285913 0.1589638067318596 0.8484825656913506
84 840 2.0786383311224643 0 319.4437263510297 7.3670289840873515 15.681335223754324 0.13903667361336322 0.5436974973316122 5.157941216639087 12.225552382436303 0.04188053069824208 0.4211311992634563
85 850 1.852673648491722 0 314.38831771272436 6.601403725161613 15.219344817716282 0.2238247009955215 0.21922217238400743 2.1804246595798022 11.083976402702335 0.1843775844994543 0.061194489258745044
86 860 1.6540792411174383 0 316.9629707118675 7.232472251892341 14.9800102518606 0.18619836737998802 0.029925196121706604 4.642456697912955 12.29982958714578 0.058657682377397075 0.12682787312799082
87 870 1.712853817270905 0 313.65339089034353 7.216752052052106 13.852206957723988 0.21616631657295002 0.8031110561098049 4.546648650831651 11.044832481462903 0.18249720154867932 0.9738510872315412
88 880 1.6909888386412866 0 311.71352005502825 4.924097221151701 15.279377555860044 0.04462176760369013 0.7298145130406244 1.908757964535031 9.519180634531535 0.30368094789492306 0.0007250301809936222
89 890 1.7280189922815794 0 315.91134154232475 6.133952840879906 15.404469544504636 0.014399460664019927 0.1644919342556067 1.5972342094535241 9.143206939326816 0.46074996459886464 0.28361419918813713
90 900 1.7165891720653108 0 311.4301849858675 3.991589014366287 16.771021199279478 0.08862441593505227 0.6452316768338502 3.5681218754950557 9.671135768862994 0.37999164561363763 0.4834249191669713
91 910 1.8376548427875352 0 310.2571377302079 2.2546808219578356 14.928276611300575 0.15025714267293477 0.394294682634448 2.9699143928292546 7.888132159495302 0.3115939687136212 0.46945124870349053
92 920 1.8775475335144398 0 322.8245602702498 3.777067539843258 14.198072420279278 0.06336027541725123 0.3952554358602889 4.050840230139309 6.496863616264884 0.09621713252875175 0.6339539899529896
93 930 1.7753549582106574 0 309.4096337962159 4.1612914694487415 13.570696614118942 0.045156428095755194 0.8899938986235252 4.963079893872319 7.270294346031205 0.40908254370350505 0.19199979776012077
94 940 1.6747521378901629 0 312.094431784627 3.2284829658583867 13.86162869589086 0.03065685771423795 0.6531410720259572 4.255252517942382 7.182780957421219 0.5354247141895818 0.3796764092036353
95 950 1.6576352179430933 0 314.6974785383421 4.834519038024839 11.594784722497351 0.30379715881060104 0.07016877134214994 5.85925049333367 6.275351368758322 0.19524132473817168 0.9765388483402215
96 960 1.6471648523165763 0 310.70296613923045 5.198016318039172 12.187569000249818 0.1627869143706453 0.6013129737683496 6.740379507490307 6.5825488021381755 0.3390234878981566 0.9958840094271688
97 970 1.6592894871646853 0 307.29776597789305 2.582691132967454 12.259601127088894 0.10933421885185418 0.24470530171915605 5.041354081419801 4.197101937037802 0.38501518788269173 0.9106803412284312
98 980 1.8007115616490936 0 305.8152916705325 0.7535331619055747 13.54283785289293 0.09588081693380726 0.6731209761719867 7.50399692356249 3.1764107174582668 0.2748929157590482 0.21389768228924988
99 990 1.904150019081606 0 305.93102104763886 2.8572541913406395 12.985049149975062 0.08915119382489745 0.4489251291245463 7.544625381176725 3.5622034761689623 0.3849382476781731 0.22755576359488128
100 1000 1.923426193940691 0 312.8131506572237 4.250153689609188 14.291215652813484 0.03263743205708474 0.9991957977308844 5.810080103671335 3.4133224853229627 0.6010305896622323 0.9991487212741942
101 1010 1.9480404217853338 0 303.7723249629007 0.4492914274243138 14.077831019010944 0.03577912240813248 0.6798624461713973 6.687249357116639 2.0939054785595355 0.43987297268295045 0.4616591006876769
102 1020 2.036027197159186 0 304.60566371971674 1.9036907444787783 14.090200968330954 0.10697443494647432 0.9981041712745425 6.635803377025238 1.5733426328437867 0.3772398725197341 0.1338571098829867
103 1030 1.8297383545744033 0 305.3506184658464 -0.4597700050913127 13.494818881151131 0.07358198269017925 0.5040573351865782 5.754964184303282 2.315839572169425 0.4738322894686675 0.5944911059035005
104 1040 1.7225807721104713 0 303.7030872221734 0.9528628255043026 12.20418556031009 0.06623330444751302 0.040916582426613404 7.291299715421189 1.7955813450461855 0.43711696683861945 0.6344489791192653
105 1050 1.5895778711428583 0 304.79149383895196 -0.29131225419775886 13.317013892244088 0.010596191693841638 0.8201808339379735 6.200462420495222 2.593623599530321 0.43558585400450234 0.2318949652129767
106 1060 1.5351709788566077 0 306.44094957837626 -0.1299602409741607 12.726643905393775 0.001096286337328919 0.3663264096861575 6.492555808004203 4.084647133878108 0.3614111456114856 0.6281987545991485
107 1070 1.5317362300095494 0 310.58329538934083 1.3669811140023307 14.454775302575994 0.01220682677231649 0.5191948727997318 4.7515565156256425 1.1388463628389558 0.6223014601098356 0.9806951667921827
108 1080 1.5145805542022335 0 305.7649365647953 -1.1338212899009465 14.464191792405627 0.1490010331342284 0.35978922184885465 6.618667770789143 2.370016542954391 0.3132872010009834 0.7749882501271184
109 1090 1.4846682001837799 0 308.0027503794445 0.1768796802411443 12.900660512185311 0.05447299001691716 0.47232803882549135 6.923463176923341 3.036000020622743 0.25705099328894543 0.4858934155239516
110 1100 1.5291980017261535 0 304.1230569126345 0.8499428642922666 12.717388535363005 0.14848408940000724 0.35776764475708234 7.445304494392763 1.3689296783103084 0.40919646008911315 0.8241185855167794
111 1110 1.474583285609436 0 306.4307678310929 -0.8654258213670281 12.817815449989372 0.07617018540358947 0.27529404786564093 6.992988370632456 4.180306401457617 0.26902708275834686 0.5625215513834148
112 1120 1.465948100739919 0 303.9693777394065 -2.207572790093901 12.472091158929146 0.01468008041412375 0.15121113339866277 9.45646419692597 5.377427776184446 0.485122720149171 0.2922595312061237
113 1130 1.5721717860681688 0 305.9308629696329 -1.013122761798776 14.207995235157112 0.0068575389116244025 0.07670168415288325 7.932351811481254 5.806752327381737 0.5098696451398872 0.25422648881418086
114 1140 1.7671147391520456 0 306.2906443633774 0.22520649977734952 12.703238826347553 0.10605264888849136 0.3602490869427012 10.391251749678977 5.651530471417655 0.4745163874549241 0.7156135462062003
115 1150 1.7069374544284117 0 305.53242115931164 -2.7713082961040176 12.38006901165902 0.07098437835256802 0.6598249762112054 8.298512769629589 7.9308177437061635 0.255668344710562 0.10095504790077392
116 1160 1.658745302442015 0 304.2911559312015 -2.1871383101006976 11.42242730456651 0.033127336490077056 0.8757979301484073 9.722491783911455 8.3654350816645 0.45636198904189484 0.999670689768068
117 1170 1.8106773798569082 0 304.2032182647164 -2.9086482071284294 12.079313007634568 0.11519110565356971 0.4429060618868377 9.146334300550059 9.33942359385102 0.34354307512418103 0.2704210942048544
118 1180 2.0170323869976454 0 304.86290934994986 -6.188379911300907 9.51566262504218 0.05723213955820183 0.3790031736868791 11.231168798314263 10.77005951013501 0.38517138262789885 0.09112358310855306
119 1190 2.3456699427375374 0 305.54901625119567 -3.6181917814605735 10.607404433599111 0.10953044723651567 0.20659255718540237 10.256050241791147 7.063346760701729 0.4974482650496803 0.5167787344147614
120 1200 2.3741977511349304 0 306.99356767610004 -4.696168332490137 11.579308048307512 0.0023432019486189126 0.326123359186688 10.931239155083432 6.910693695855197 0.5776112932755211 0.7281382523062365
121 1210 2.2454030123355038 0 305.595760607068 -2.248229080234641 12.53592708587021 0.04877224885118551 0.6778449099148094 9.659564215135665 4.844524989897462 0.5536841823538594 0.9514284791142764
122 1220 2.089329737368424 0 304.12050863106043 -4.624549837732912 12.966678864501397 0.03522955942467305 0.46045389657713187 11.152616049903106 7.435449511938401 0.4156328460857708 0.7351295519066212
123 1230 1.9414421228107968 0 303.84983402833217 -1.5321998559058083 12.448616972528033 0.002137481683884457 0.49822952856591307 8.851101395893362 3.9321113986156937 0.4914362747139136 0.11512071677955371
124 1240 1.9058790431765622 0 303.7168418093536 -1.7257668641094768 13.026783464307751 0.1308317253523943 0.5045060323398782 9.393068624471914 3.287248015099733 0.3140396341580107 0.009706946187174003
125 1250 1.8438797317179443 0 306.0529593147468 -0.9678160720499813 10.871221658243421 0.14622467452390414 0.8578382331333436 11.138782044410274 1.8348576769440377 0.4402415930502279 0.9966957719229486
126 1260 1.9437936824769932 0 305.0626525614665 -4.053231071916486 11.096823624907355 0.023964303815407286 0.1270514465033621 14.927028278676465 6.956321072038266 0.4190344529961877 0.24305908328699
127 1270 1.8702399583534073 0 305.021383259138 -3.0694993187607555 11.070727349686848 0.04636507773459435 0.10682108690019199 12.299274808884592 4.01223495581139 0.34922520913185695 0.0038398258149676097
128 1280 1.8752375093888147 0 304.0236254877054 -0.7613138673523099 10.814601209367547 0.10232670479244918 0.6902202958594159 10.723045737396836 3.8745531176741475 0.4286158128679922 0.014433848406831195
129 1290 1.9301491872369136 0 303.33248407577565 -1.7982715118785004 11.354729704998615 0.05391561658633359 0.987602953457442 9.813086416749552 8.018589733015727 0.3741241641877586 0.033852996458713355
130 1300 2.0248314980673237 0 304.79168961800605 -4.482068737000179 9.621188772986438 0.18649635982284152 0.3639296240891312 12.205544916090775 12.622222856910852 0.19146567259481273 0.3675249108024442
131 1310 2.2351670931937413 0 306.5271333402395 -4.432351508967567 8.311573340093894 0.16090499689783117 0.7945843422179006 12.648130439654643 12.444923263765663 0.1405316464065095 0.9456781972328608
132 1320 2.317433825639827 0 306.4431220646326 -2.0510723541489018 10.278977273731726 0.2467514353730904 0.24671206006202162 10.409584097317444 10.371917028349667 0.22184319795671215 0.599103508418434
133 1330 2.3037973752441694 0 307.1158504930074 -5.707034480163943 9.389488680522117 0.17958873316322527 0.9999493546351715 10.505419934145701 12.362908644377104 0.3905434916886712 0.3899304347063737
134 1340 2.292284941935253 0 304.3474065851802 -4.019434132176258 8.233508515498485 0.05014275744937288 0.2080503283962255 10.799650527529158 11.78865721378726 0.2747837827221439 0.6488486526229511
135 1350 2.0854286373631052 0 303.63979866644394 -2.902814194107493 7.594360821682439 0.06884031618687711 0.003064038135355261 10.556432490123765 11.98480393916499 0.38796979109005036 0.2013141233405179
136 1360 2.0482275347584586 0 306.5888992374274 -5.773324569499215 7.099660356773666 0.022496956259659216 0.8680886185122461 12.562964303476292 12.089984320811608 0.47488807963660307 0.9083364381298388
137 1370 2.0775303048586404 0 304.1033836231451 -4.510081293100748 9.5843947726283 0.1314903991100268 0.9999996293321979 10.790120918074193 8.02842588864312 0.4025500822717909 0.5914696560760617
138 1380 2.3144121178083346 0 304.3685934641105 -1.9086783277485546 8.560871479915964 0.047623837825758374 0.8446748343884867 10.766954422438715 7.0267956238820535 0.42051153187768264 0.654422466776025
139 1390 2.2269511540817533 0 306.1004426235876 -5.736959942191533 7.362563936862985 0.12941149432233123 0.9399080139468745 13.015731474487822 10.507010998052635 0.22076380971277842 0.14603302990805533
140 1400 2.0175381924043694 0 305.51041573591107 -2.9376175424897983 9.02599715285252 0.11835349663260308 0.9909799673399062 11.579257415937747 6.6921054089517185 0.2657737923807183 0.9021560805261039
141 1410 2.019909871444602 0 309.79106954894905 -5.1314617335492825 9.739244876094602 0.0711995949238449 0.8310116130354455 8.309982411999165 9.376857605390306 0.5559248142802637 0.6172215755826986
142 1420 1.9907254442834053 0 306.57622343826466 -3.2786351237185705 9.876799624452133 0.13267206317392338 0.05927893819336258 5.954447020690641 8.312147060462607 0.35983122867606954 0.3586329536048215
143 1430 2.0948992909864126 0 308.08595048316033 -3.4643557854954823 9.139985496294702 0.06905669027920458 0.39047322082689606 8.56196535259536 7.120879180528657 0.5787691466104867 0.6571349102166568
144 1440 2.1431361907080246 0 305.18391211376 -4.960773531448046 8.082420379934062 0.10587865816495756 0.07435311763986174 10.223320640870531 9.825584557081498 0.25360376668956164 0.5166477991704372
145 1450 2.1963380159110937 0 307.5208792974494 -5.441731412744285 8.39477016595111 6.099190925322634e-06 0.23982420334361054 11.750225136041687 13.402200164537547 0.292363887445525 0.5249731163010523
146 1460 2.272186462787459 0 305.64974180370575 -5.536398919656044 9.632784306744128 0.12062636389978657 0.3760925872537474 8.884815762191128 12.112665344900375 0.33624908478859084 0.9907828828961728
147 1470 2.246411769766659 0 306.00431346696655 -4.414210221460347 8.333104034814369 0.0014880175116186822 0.9987832246176571 12.515686594704484 9.883868687514292 0.3927946027179914 0.9591361289460054
148 1480 2.0078943223486734 0 303.952017867315 -4.904888435448637 9.659891491365636 0.12976900486301265 0.6639231526068137 11.822557515013646 10.015469520248413 0.27388197068606246 0.40656083168605195
149 1490 1.8880994242088267 0 306.7205611339397 -7.404678591093898 8.259581227575401 0.07030909070975003 0.10365985543089451 13.402476879158453 12.515789540409298 0.46556287885020486 0.4178176320761541
150 1500 1.9017284999821364 0 304.75973538348467 -5.095201535655028 8.818958021344294 0.019025677473766062 0.12003358936880737 12.893687596880554 12.297226499574947 0.3220411144840739 0.745131493072483
151 1510 1.7492287182629427 0 303.7898936528915 -5.33050878833753 9.380365026872123 0.05333161491638151 0.6004258199379411 12.008980106135976 9.973835927577483 0.36608327402212026 0.31385720083650703
152 1520 1.7247827501080695 0 304.18527294941646 -5.321811887538382 8.81180960207545 0.0595191575784709 0.6673402653703373 14.975187629382246 11.416145391920915 0.3085868577803105 0.032246252168859964
153 1530 1.8009441319182515 0 303.7853933021478 -5.907229416911344 8.892032142252354 0.06655486892015103 0.2489985910234772 14.55648822580905 11.343557386486353 0.3489573088904194 0.6476807010419439
154 1540 2.0665676021857498 0 303.77191192844106 -5.72317939685021 8.416814012154113 0.09253655565312749 0.8688875969760701 13.90890666333577 10.158638416542368 0.37476837107701044 0.8447468842175194
155 1550 2.134662419202582 0 303.7802208873883 -4.2814234182176225 9.588812193600647 0.059504634045730045 0.000435555475333198 11.18258184413479 8.801042319938702 0.3235754262522669 0.7692966614829242
156 1560 2.237778487492998 0 304.6389104454806 -6.019744948926374 10.959748443522683 0.03565996407465274 0.9727955070111072 12.682832599386675 10.754576172809374 0.4146308289910309 0.9611268017698051
157 1570 2.0921002255663037 0 304.396149744705 -5.2366840920605 9.875840156912968 0.15140671271973907 0.8530932229770851 14.043173254028053 10.378249196343578 0.31603087073079195 0.38617371747643325
158 1580 1.9421399513119066 0 304.6075658917398 -4.839284684180451 8.413779802071002 0.04002024282924163 0.0007823306920748252 15.281318236910352 11.083945917751436 0.44577449227259935 0.9797359937251078
159 1590 2.1270088705870047 0 304.32405844291907 -3.000171305579379 11.31738331223252 0.04810876590831119 0.7019177724386212 13.500356262443628 10.857986145764718 0.4371189046486279 0.055818295720975186
160 1600 2.069096403615681 0 304.84771773955737 -5.71586827056305 10.263513304607555 0.007263145532610603 0.4459052285231655 16.55282392096715 14.045956796284964 0.35709370293086595 0.6051922802598468
161 1610 1.9935368458556222 0 304.2800800459982 -5.59963906019369 10.374462119389777 0.04802679579405584 0.05484624727464257 15.188544112553274 11.90202007917024 0.3018801637785131 0.08414585883867787
162 1620 1.8526056958692452 0 304.3399729346569 -4.070776368422793 10.71886546490818 0.028495065148896416 0.7606845871797487 14.642976206631857 9.141019874310022 0.4374457121503369 0.22000491809573042
163 1630 1.683263323749353 0 304.0526561465728 -5.114716071219663 9.71179072795728 0.03764559248786239 0.001128194780562954 15.588687824543161 11.427304906223164 0.38261335454485634 0.09189086060006668
164 1640 1.5594277408591941 0 313.16007220036465 -4.192013881455611 10.86870164012125 0.015678637843961816 0.7653223517150956 15.75795241194361 10.01403514732334 0.6978064653699754 0.6213240228922565
165 1650 1.4240871565910167 0 306.36447586838653 -5.573446174251414 9.321041771215736 0.005570130281513251 0.7308301740499044 17.634262908570555 12.84558384951118 0.4883996177572505 0.9874631633502147
166 1660 1.3874511730801742 0 304.156729022106 -5.180380894057962 11.28096423325011 0.05267578686598509 0.517729886327875 15.877007016753904 13.697209004161143 0.28211562318989536 0.7204163498237044
167 1670 1.2360904675763658 0 309.95405189819354 -5.996793296623593 9.946141213116812 0.0016894414415766555 0.9990131869470086 15.065595989759386 12.117150909408902 0.6177224143679687 0.006679945209704032
168 1680 1.3550694936278462 0 305.5915913387766 -5.897079637241521 11.358751314864918 0.005730824080221058 0.8868189430803806 17.664701061441875 12.13128601883565 0.4248948801426593 0.999897514416245
169 1690 1.2891715142564202 0 306.802909227917 -4.74488908212691 10.332417230440615 0.006821949242905021 0.08268688083905928 15.442738750721146 11.631236036864207 0.2779004118972068 0.9831167722835958
170 1700 1.2458319074167115 0 309.00239730643756 -5.5119334202816415 11.049007278529595 0.009164000435763786 0.5324052032368713 16.52560082523375 11.82687923549238 0.5944857555081071 0.9601460858242398
171 1710 1.3500349299342378 0 304.5093981972651 -6.395341708343381 11.575120735877583 0.06931607148683744 0.39059186224439735 15.887418564052034 13.600120611936992 0.3010789408819875 0.999608589200748
172 1720 1.2862883775586582 0 305.87776837699573 -5.218056954350338 12.149925225616826 0.0068125627209607775 0.12748061621991535 16.024344297280507 11.524126205906224 0.3066396029037506 0.6978350532259725
173 1730 1.1490437318143623 0 304.29173185781127 -5.112851610688541 11.103035310728009 0.040169976115908904 0.096618480234684 15.633560647934155 11.60183861648253 0.4114107561471805 0.9760715030123024
174 1740 1.0859992371660343 0 304.5607618444469 -5.0919064683160515 11.642991283930257 0.02315944922943454 0.8674207940318579 15.812558640140182 11.202872194543819 0.4122840903036433 0.9978309572875154
175 1750 1.0288825504609547 0 305.79389481717794 -5.00987917455339 11.860617182683507 0.001035659479332251 0.6222396355694588 16.561240641425837 12.556357231162645 0.31595120224303486 0.8343311450830739
176 1760 0.9781496498404423 0 305.3723247736848 -5.098063608612215 11.684506735435537 0.0029476449843733234 0.9684393499178933 17.214929810888634 12.508331689235877 0.418446972821085 0.7987539032948152
177 1770 0.970341379638194 0 305.96957392412634 -5.2135677865507715 11.868026106027749 0.014580938882786604 0.8563567348607055 16.703779036394195 12.19100385772512 0.2934118650540448 0.9746555030171127
178 1780 1.0636422672030574 0 304.6862212381346 -4.830535039777488 11.075910987776057 0.04884542898855548 0.14896527671727355 17.147545799717275 12.286270865615426 0.345698173064514 0.974697878843281
179 1790 1.1450159070608297 0 305.76356007666254 -3.7656386183700254 11.16249776762422 0.06811768120244754 0.3295600839263386 16.581942475752683 10.690023551632017 0.4491304893351362 0.35611756952680373
180 1800 1.16488906121039 0 304.7667686783036 -4.695024219163885 10.614113183413751 0.02610007500922086 0.16877881004858253 16.127650257328764 11.021056801389475 0.3507025440994447 0.1803909866280744
181 1810 1.2319360755906066 0 305.53258855726165 -6.170982488725681 11.323908692696579 0.09113833646851935 0.39759217184348083 16.18148496612904 13.328372106681336 0.2298026232359014 0.3223698195366925
182 1820 1.3044089314813891 0 304.0623670237749 -5.8251476974506415 11.48212724648017 0.0687842478931523 0.2898316684200012 14.812326362506898 12.800891155495622 0.34741297010042516 0.09249994486184576
183 1830 1.2564827524659263 0 304.0954852142977 -5.882645397882353 11.086070640313778 0.08646078217793984 0.9270140475451619 15.430889107728088 12.997239093338113 0.3304095488972614 0.6613285910287559
184 1840 1.1767346348931012 0 307.3038115427142 -6.452308511702381 11.899443554355583 0.07147040818859196 0.540100716314349 15.960620781813189 13.27148135402064 0.4782232586102366 0.8829804765850984
185 1850 1.2483560199900485 0 304.7064315183285 -5.976095688293775 11.837283555557576 0.052318990975640495 0.9629200127897148 15.204164774826092 13.367617364267149 0.3912696272692351 0.6251668767817371
186 1860 1.2596283987560524 0 304.13579599021875 -5.191835929102741 11.407407321653068 0.060190183338232284 0.0022751729753809117 14.894601768580692 11.758135939289959 0.29438350477636277 0.5311433737863396
187 1870 1.3180040214392286 0 304.5013195173231 -4.487052753816041 11.714944442305343 0.055609742797890604 0.7529698733002856 15.158486868161724 11.509152268579024 0.4194029099476282 0.801286639619925
188 1880 1.4349124959438488 0 304.4401767428399 -3.7666482131870698 9.943219436547292 0.033551238401312806 0.08898087899892282 15.015058869271561 12.396349931336037 0.43734171260776833 0.3619363373485758
189 1890 1.2566111421816892 0 304.6682405208867 -5.092967299191892 11.18936073196117 0.05782336029154342 0.9401477323927518 15.252410503063743 13.46839833788304 0.41997622188297257 0.6610281466416079
190 1900 1.2517992328448464 0 304.60498969358287 -6.308686821050831 11.837516225042556 0.05205211901692686 0.7758395151177595 14.515915416792074 14.613113111568845 0.34920881115402835 0.02282793824609085
191 1910 1.1535071760420674 0 304.7141603794472 -5.16159430883718 12.0236129193812 0.015938671797859974 0.6101634483711216 15.269553440224083 11.53630506298715 0.4260531069277178 0.2767840569049135
192 1920 1.0502215041945673 0 303.9891677165352 -5.274127464339986 10.79157586850884 0.02719545144190823 0.6297574801426133 14.641784686180568 12.353470367655257 0.39204636592596387 0.9997426355005682
193 1930 0.9693455011447225 0 303.8499376349849 -5.312609945508092 10.720233829642552 0.05422273878670583 0.9893321405649818 14.126448227098702 13.145390308062698 0.3869312583757747 0.7563128261267344
194 1940 0.8729525278880799 0 304.3582671949448 -5.668621940824152 11.166452677686843 0.06759931930865673 0.9094867119480657 14.405569495834555 12.543235207605697 0.25979942189202276 0.6371727744530815
195 1950 0.8560363168227207 0 304.1966388566666 -5.833141515561351 11.121423458585753 0.08332387604580363 0.47474307435384633 13.684589635349408 12.729299280405051 0.3642312963712371 0.7288020589066821
196 1960 0.7947754716579575 0 304.0201133314339 -5.57954573779492 10.9740167309497 0.11407829806554548 0.601551167690882 14.639937338304806 13.137851546850678 0.28910962466426327 0.831281019081852
197 1970 0.7123242401719361 0 304.53575832759384 -6.156846342553014 11.066426643910148 0.11298736769577086 0.632211191251417 14.731443780387044 14.046912850476557 0.23848602141688957 0.26320637027519356
198 1980 0.667758004364434 0 303.8968450577408 -5.899593290318378 10.917954155138661 0.0670434131361872 0.427610291111972 15.271020116025992 13.571903112054155 0.34225544852883305 0.6632351521376918
199 1990 0.639983290553034 0 304.0086285149521 -6.0367358658767545 11.231792942525063 0.05379654427304384 0.7178873605680838 15.178134314473924 13.794987807646287 0.3296450730166228 0.613643378130434
200 2000 0.6095974112774557 0 304.3253670123688 -6.114212962790091 11.217889591417675 0.07181498573579592 0.23156701548233072 14.363979715069267 13.759628900725751 0.2543138662729518 0.48524972641558284
201 2010 0.6039305836726022 0 303.7976479636976 -6.033300222573344 10.770310442671853 0.07863484021998171 0.48151106480603945 14.105074924348015 13.317422051954047 0.3168462540022823 0.8622508758998133
202 2020 0.6309855984831212 0 304.1675477645674 -5.896517986511982 10.878334335544622 0.05970054259360283 0.4246919293455367 14.702159176154153 13.6812923380684 0.26314929539755383 0.2491386370289007
203 2030 0.567809598019607 0 303.6530571928368 -5.732265569001597 10.703145914696986 0.054851699269379134 0.854817319798373 14.584160301251302 13.4003061887606 0.31799087382392344 0.60244661572099
204 2040 0.556996901371403 0 304.0774956296266 -6.345258311099817 10.879903577108792 0.07971906448110963 0.9027915340106689 14.46609950205985 14.325314202656914 0.27232780342544416 0.05785696616527822
205 2050 0.5796094269347694 0 305.0160218444629 -6.526342635136342 11.199692223902314 0.06470502107800735 0.9992414206847198 14.768216711972165 14.098288787917756 0.23477167637993335 0.2913957135719475
206 2060 0.6939411108910365 0 304.22027695012173 -6.5282196603992 10.57284017955668 0.07644478581977299 0.7884822472505046 14.691773826680501 15.005037100155016 0.3353759180860806 0.39903582271437765
207 2070 0.8053935711412139 0 304.67311028311775 -6.441301835272379 11.280462330098857 0.030460771941459443 0.4269376663813773 14.520598127061506 14.129801111625747 0.2977828521514013 0.46990816521869005
208 2080 0.8799014542470048 0 304.3999055671888 -6.3748492059116835 11.216788768226143 0.09071015404122942 0.7919404199589948 15.232995120385775 14.347344274364897 0.26215036969371897 0.05303757521169494
209 2090 0.8957887835374869 0 304.35149343149703 -6.255340484511983 10.801571852781548 0.027980466651162186 0.6131350894475727 14.750648353975224 13.58457420161021 0.3613138115601494 0.4471725825841194
210 2100 0.8051536964858471 0 304.7692022582212 -6.23005184957552 10.62790505089044 0.04506344415068432 0.05022559394030601 14.64022846993641 14.31641318935624 0.40682846270803597 0.9121154566761999
211 2110 0.805431140565997 0 304.4363839041239 -6.607453102018619 11.31979042126841 0.06098310027155335 0.6460624400565702 14.309878254584499 13.573550889423066 0.29868924618183856 0.5749215264527823
212 2120 0.7179593678559665 0 304.37455962678143 -6.465748421040685 10.864641851288344 0.04655872957651406 0.981798874700882 14.452056235770101 14.091439905437914 0.2878305348701581 0.5452615223375605
213 2130 0.6506155270378751 0 304.137466478692 -6.419896631079179 10.98534850155628 0.060170903143603655 0.4342469821551097 14.323780322228242 13.62674937358017 0.3147573211496827 0.7655332681506504
214 2140 0.6349477307267544 0 305.0490444951205 -6.448427982719512 10.376598625233148 0.08427184816928251 0.7525943917523008 14.153114246155239 13.937342472484785 0.2118922869572103 0.9473912509110679
215 2150 0.639441230829216 0 304.62128634996213 -6.619276546007556 10.653099816569705 0.10669122439075387 0.996286846978607 14.270026302033749 14.187464289894345 0.23540425970603496 0.824550404203509
216 2160 0.6487929959244714 0 304.15069217553844 -6.54912512193305 10.123883609463169 0.08731846914156985 0.9459302003929075 13.908043320926977 14.201856534978578 0.33372216757218853 0.9624312628491196
217 2170 0.7051591518362329 0 304.27846632086505 -6.51253055106706 10.094852136772484 0.08081689751344942 0.0029607181062151224 14.037914191726044 14.18242030095688 0.35641761055347276 0.9964225859226514
218 2180 0.757606995665521 0 304.58188710816785 -6.8902256514183575 10.233109139583098 0.0589150340459845 0.40966348630637306 13.3204550643701 14.25337862084162 0.3101978240220632 0.9081062992657454
219 2190 0.7737561968807966 0 304.1556924557984 -6.501051437865575 9.650827334189385 0.09306723210416337 0.6652629063973805 14.034558693086568 14.323936337113773 0.24060457126325974 0.9997450748460615
220 2200 0.8167096732343606 0 304.0641838574711 -6.0202563564892975 9.716654261399594 0.04437348163735166 0.017008481845978234 14.252193147670237 13.763508469104531 0.3855644582378851 0.6947994057535389
221 2210 0.8125713650012464 0 303.79334648568727 -6.173488379801009 9.982606526799561 0.05412956767729801 0.5823034474651025 13.92930540751113 13.731460901158782 0.3251782732258143 0.4801735513933423
222 2220 0.6794872283601621 0 303.8745081101014 -6.3071795226940806 10.033307866532363 0.060563685866288186 0.2088341355370208 13.988792455301953 14.220832089857302 0.2916891086635168 0.6969374419476946
223 2230 0.5835658086629567 0 303.6641594386134 -6.136045275314208 10.090510401716047 0.07664056390650076 0.6882843865323032 14.424762672507208 13.551601772710155 0.3017712205040738 0.9805406915217714
224 2240 0.5948434924130598 0 303.51219609676036 -5.984963721782085 9.655668103837158 0.08256475624246837 0.012797478689544839 14.4295766717682 13.14031384818366 0.3318701727497718 0.6358810837666606
225 2250 0.6301539310015593 0 303.4290458383522 -6.052138149561717 9.292782097892196 0.08059728903391464 0.2853107510352899 14.034687576328565 13.56068118807751 0.3070710206702373 0.23317298076471893
226 2260 0.6838509858625482 0 303.5312028825598 -5.961166017778553 9.39096299085589 0.11555115122271836 0.01686583965571638 14.102079905675987 13.383488457173582 0.2905552696333281 0.281719824760966
227 2270 0.7088036590931986 0 303.52742972236723 -5.558232795968492 9.226935189486698 0.050155789848874005 0.2253972071656012 14.455245440072131 12.698206060065521 0.3423191677048024 0.00028068139399636105
228 2280 0.6704324119314867 0 303.3214846188391 -5.698917628341555 9.276028244477114 0.08760244669860018 0.3698592208658704 14.22864827323319 12.977036605881471 0.29800222777074625 0.149428128221043
229 2290 0.6627533217127942 0 303.23101704025896 -5.8216575299292765 8.989358967818312 0.10272416984624205 0.4500866692268666 14.154301579337531 13.62061971520482 0.30250447325589536 0.048693655005838145
230 2300 0.6367570703870902 0 303.23202117721866 -5.7558250150194015 8.846665404782314 0.0982209298798068 0.7290345577256616 14.08463952699313 13.042516046133034 0.31653807329271333 0.04897291588745013
231 2310 0.664048419889982 0 303.43099283659575 -5.799866859068282 8.637022817564786 0.08494694094861441 0.9811512985283319 13.790401954630626 13.194675222982307 0.2796328000887002 0.21559959241758408
232 2320 0.6306530444379678 0 303.4091775958739 -5.589492926373686 8.76891589194656 0.06459628056897657 0.35813986756687 14.430569511586615 12.854162879539297 0.3180628868115122 0.18262515589368
233 2330 0.6082638284732723 0 303.22639184233907 -5.61032625007283 8.91989431875664 0.07758744703310325 0.467860022174988 14.533406867145866 13.315530107539624 0.30818546419150794 0.014935185748767048
234 2340 0.551057351879364 0 303.1624144672171 -5.472058524357809 8.653852170314325 0.07545865773539637 0.3280059191500291 14.37202054073796 13.166239417833792 0.3150252526663465 0.08187936250307326
235 2350 0.508319372899881 0 303.2825880993057 -5.6347536054611345 8.463786227340723 0.0996788658534977 0.7270148752073391 14.482218631736254 13.077101160450965 0.3476072563701905 0.10543424362982634
236 2360 0.5034909391277979 0 303.1930133784136 -5.659927890135771 8.515212880154731 0.08179659431222969 0.6490917111963217 14.081193967658141 13.223926051666918 0.30639430747428664 0.020550000025148993
237 2370 0.5293181170750849 0 303.13520040939284 -5.561982292416944 8.256988415006157 0.09035253737225157 0.6974470370790902 14.255373226997609 13.112533220424087 0.3388299537619709 0.09397608079018094
238 2380 0.5243908095204267 0 303.0982404750038 -5.4589189763332895 8.25111777335198 0.10176130701081662 0.9595413811016744 13.947170658484312 12.699829983220486 0.330185201952952 0.5358932472076237
239 2390 0.524120168944117 0 303.07266737334203 -5.11828143686033 8.080194568337541 0.0932332541219372 0.5997785304490628 13.911529213994756 12.519378821001869 0.3034840936651634 0.9999602218936134
240 2400 0.5186889090634401 0 303.0584397246039 -5.132849539697126 7.866913259385586 0.08510055335841557 0.786824592887222 13.776130947338006 12.49740460943389 0.34062211379349494 0.9144690802848978
241 2410 0.4809499808541389 0 303.0217521805582 -5.334412768783057 8.049571538024974 0.09246832527072221 0.9971773687873139 13.787348111975238 13.19066993938934 0.2931877165356106 0.8204267678192145
242 2420 0.4492819932705127 0 302.98516020292595 -5.463540581593413 8.100360632299262 0.09405492692149098 0.7235024234384475 13.622015883581376 13.224420544675365 0.3170788850019669 0.7891538314735562
243 2430 0.48729628323788843 0 302.99402510103596 -5.46753677897653 8.091722803669912 0.08841040153425739 0.8759401979116423 13.66292898847081 13.353671633494862 0.3208683236320674 0.6655748027734176
244 2440 0.5416745900029059 0 302.9025031384117 -5.326329983303029 8.044179156271852 0.10110763283357563 0.4292709144000938 13.743093748949155 13.36374979437871 0.3216381069794437 0.7868781589271971
245 2450 0.5848061848854813 0 302.8803155124335 -5.350835119215716 7.817590370298994 0.09368472641723527 0.6593588872517422 13.675670648850767 13.63124781077854 0.31574072266580944 0.7683526108148235
246 2460 0.5985036215112947 0 302.9270202736061 -5.34793478688961 7.868394317066274 0.12466372462064665 0.6290251785087217 13.364192221114056 13.54934815212368 0.2785332147519718 0.974989038279476
247 2470 0.5198034083687502 0 302.9468772390779 -5.53945579674559 8.015450428814656 0.10544422640847387 0.9283155344420696 13.440728048899341 13.657850534602677 0.3077767975754796 0.8438519373047366
248 2480 0.5471448214175739 0 302.8270441568676 -5.029997022099121 7.688320272241795 0.10773546988148042 0.9640137904795089 14.11216288860982 13.40493208575219 0.30841800584866663 0.874232814244867
249 2490 0.5628744778407987 0 302.7882938733054 -5.2650167047247125 7.856076561992389 0.10794056009008496 0.5385880559521832 13.806256080474137 13.930283433630269 0.3119795516143121 0.8630960806593027
250 2500 0.5698108095427094 0 302.71648286229265 -5.150177851981781 7.281990768963418 0.11937850361662944 0.962168047390834 13.51455307987148 14.004161953376906 0.29110635184232836 0.9543528731686864
251 2510 0.5783641878836981 0 302.68030183776006 -4.963468333520809 7.376857399792963 0.108023806799879 0.874395243569223 13.521906023528611 13.792655276371988 0.30378293830549696 0.9362221828087277
252 2520 0.5993542716358755 0 302.69961767534716 -4.771460199481712 6.84356229831044 0.10537581061669482 0.9968372033030064 13.307547859872539 14.169522258097054 0.32080903963410423 0.361985983014506
253 2530 0.633537828197141 0 302.62711100372917 -4.860429962359632 6.852378020002079 0.1046177937750388 0.9811169601308749 13.225647021921404 14.606007100358758 0.2768592356133702 0.36239724997744815
254 2540 0.6054248907196434 0 302.60322554612674 -4.641162044683996 6.763610016998759 0.10270298778234616 0.9982360910725233 13.377797202603157 14.484438531683784 0.30078054921252717 0.28982488713294075
255 2550 0.6424531953185297 0 302.53523480377436 -5.016796033791347 6.8855643752391655 0.1356248011255445 0.5376734217412178 12.975543931169948 15.127493550403042 0.2665212287524895 0.4366687147665189
256 2560 0.6386704552324258 0 302.4836921682651 -4.986016041857378 7.2311941921490295 0.11130865506930646 0.011019113486151312 13.15817378640661 15.062607845613602 0.27391241670079725 0.6207698434396178
257 2570 0.6809331754678329 0 302.4930191050269 -4.959603832345733 7.100993000969907 0.12075792479388742 0.36672531258150975 12.79104526645181 15.263179672810002 0.2851046625339869 0.22445576517103127
258 2580 0.7619153650033224 0 302.5125586191075 -4.800581349683766 6.792077792939071 0.1385058748210312 0.021446716032354034 12.568231996483567 14.995486800543274 0.25665189317880677 0.34176589508748345
259 2590 0.7567314638468431 0 302.4413404799369 -4.76184427671501 6.826566500558627 0.1251986017053303 0.10809675465874591 12.809954425270687 15.021406421853065 0.27407276908036027 0.002903638925853136
260 2600 0.7432664829187106 0 302.35273548334055 -4.709417960920183 6.7491248835657 0.13725449800154926 0.6232752104497779 12.313129502249302 16.15813563864146 0.2518839691943576 0.41786415732477133
261 2610 0.7433857601342304 0 302.32831984436007 -4.326921611592144 6.595428956022316 0.1260893762582663 0.3800230153723275 12.66285448697774 15.344034313084169 0.2577497541831001 0.6748296501809647
262 2620 0.7776644743664378 0 302.2710491969446 -4.341829212376195 6.582118328878152 0.12687295053799869 0.9537976767816674 12.251318829230053 15.931394651450747 0.24916386692904313 0.9639740122086373
263 2630 0.8607645264966552 0 302.24702286741706 -4.190324258403476 6.760505215575101 0.12999340722467354 0.8237967975734666 12.469863375603488 15.713352041375016 0.2708109630237999 0.9527149924789331
264 2640 0.8096472014677633 0 302.23289921345435 -4.381576956780085 6.6297958083828545 0.12361248590288107 0.46294173959443796 12.488959057332135 16.11934663479291 0.25976298105710927 0.8248098448440497
265 2650 0.8116357160876276 0 302.223130231087 -4.45910535966917 6.9487723122860405 0.11662926521560721 0.0023671166878479707 13.104271559582484 16.243398820232258 0.2763042186822432 0.1303732368240027
266 2660 0.9562782044102388 0 302.2300669288564 -4.171553820487441 7.207562642903688 0.10826939013732576 0.954913938544325 13.103218441217104 16.446833646129527 0.2877279048765061 0.17989699311594942
267 2670 1.1441085497567829 0 302.07698000107905 -3.6712527182109413 6.89450317454684 0.12015424965473415 0.28286069944135406 13.009568132015207 16.991227577753733 0.2402705001943254 0.9619923039216194
268 2680 1.213177687037532 0 302.12501398761714 -4.376121360417315 7.043490882958012 0.12221085203442925 0.25582778595269673 13.182576919986072 16.986502427289174 0.260583819498693 0.09095467181151307
269 2690 1.2649793213649325 0 302.0520455415832 -4.3343881753162155 7.150706700124132 0.12097652480395771 0.6363349004068588 13.216662282988597 17.752131887342692 0.2403195509144297 0.0040839722910837855
270 2700 1.231237139052167 0 302.11845650058183 -4.05677447514354 7.333451339336591 0.12295798364559424 0.8377602276902909 13.25128437901735 17.33382778486238 0.26207050754043026 0.4216242333771657
271 2710 1.3638236743424172 0 302.0348572858402 -3.8899356334123407 7.437648038015577 0.12213824142958096 0.07998903938786273 12.67093543772001 17.420045296538362 0.24094206286115993 0.6457724721708917
272 2720 1.3110314870805417 0 302.005915506834 -3.80658038501764 6.90576353874679 0.12326298375985056 9.424116622468532e-05 12.405253291916896 18.653796387173625 0.22727018420507294 0.7377539372130748
273 2730 1.2706222232583066 0 302.08534212259997 -3.8541549152971686 7.704010342868786 0.10362112253467776 0.43038492193754296 12.75988444333608 16.953053343884605 0.24934124428362525 0.8027584036797899
274 2740 1.263853501854954 0 302.0714717592583 -4.214138963064512 7.2689970943690865 0.13096478792881036 0.9677036770261555 12.695413174133716 18.781854521179916 0.21970378072167096 0.8780846024950353
275 2750 1.2643661818236642 0 302.06048853666834 -3.723214920757061 6.252387153393329 0.15331960246546195 0.39870088244812685 12.480309070435503 19.81814269923784 0.1747271417606605 0.521805171087113
276 2760 1.257215015682803 0 302.039194622716 -4.045598750933267 6.5355254519569685 0.12475433867074881 0.09507611143244754 13.350552339834096 18.001135417185797 0.22417173912811494 0.022215690806302955
277 2770 1.193195438950487 0 302.02276084426467 -3.789111575375857 6.739712230585541 0.14561140250819124 0.8764579543526441 13.054385889188026 18.65609859725579 0.2038688881970835 0.654295667676611
278 2780 1.1407836999603107 0 302.01484691415135 -4.065997803653255 6.288110942871726 0.14718723106982817 0.9455271118659008 12.822713442482456 20.358740617816007 0.1863357785296721 0.605741228820343
279 2790 1.060339758829681 0 302.03628081962734 -4.118336498807536 7.221886458298893 0.12194409499000317 0.984438908483761 13.788140315572802 18.646819569198446 0.22198213941224199 0.5447917687627406
280 2800 0.9909317924517487 0 301.99080487251786 -4.263517558446225 6.498560820134079 0.13821535782852665 0.015751952625066144 13.55438912261099 19.98275016972555 0.20523903728073523 0.5669657007406705
281 2810 0.9572906812874247 0 302.03095561673626 -4.356497360917892 6.449791081468932 0.1437557819241013 0.4293987895950423 13.73710409660011 19.82253023506236 0.21235327524883874 0.682730035504763
282 2820 0.9859271085501685 0 302.01599377197545 -4.106920522644072 6.323074682427679 0.12064255964177101 0.5025608006400624 13.931106823236044 19.965416016496793 0.21860381450452027 0.5721545996579582
283 2830 0.8449273614618169 0 302.0185226010112 -4.197977540045868 6.650888458959341 0.13541471693485513 0.5469759620426415 13.219966520392006 19.840288263028967 0.21907514966121655 0.06037495527693401
284 2840 0.779396707500717 0 301.9805906375889 -3.951172675434055 6.736098832781447 0.12086240328597561 0.45172587439372647 13.397727569412977 19.28398332128724 0.22299075110582012 0.2508140952322716
285 2850 0.7162604347876136 0 301.98343934274203 -3.6427263158231034 6.535017194451317 0.1272378826614694 0.30810279133052954 12.857572431243895 18.934160119536138 0.22202207969674392 0.978143931898773
286 2860 0.6850344050394755 0 301.9695224530893 -3.8961860418185257 6.401440209694809 0.13366798869359917 0.17477576467989098 13.185908462243685 19.461116326865685 0.2032140657907725 0.594650861065946
287 2870 0.6180498978199789 0 301.97434608003493 -3.952175729868209 6.370953317815369 0.13458829453583288 0.2946747169142029 12.78787276149565 19.758588298622396 0.20118104276270687 0.8870510469693034
288 2880 0.5413022349285626 0 301.96655309145797 -3.822950939670404 6.6138782528267965 0.135962290631902 0.615206077399107 12.950251440914709 19.421751753922493 0.21011928682561065 0.9373180099724355
289 2890 0.5480750222091276 0 301.9690664818129 -3.7199557191152444 6.611594527617775 0.13577596852876433 0.8799734841838702 12.865399372476242 19.717168848869456 0.20245937616058785 0.9894604750539174
290 2900 0.4872294343663036 0 301.96841752721457 -3.8816635211762938 6.443681156131126 0.13831405804716929 0.9998995402684822 13.213142172651944 20.015682177246223 0.20033774297242035 0.584526521233413
291 2910 0.4302288746232026 0 301.9622975817621 -3.9254600359568537 6.550336443916064 0.13273453603864901 0.9761967497106535 13.075487271374678 19.75189551185151 0.20569207378276178 0.5953226821021118
292 2920 0.36319621734522006 0 301.9632336166676 -3.8644166350735816 6.600269678587416 0.13462013906036635 0.6093879552302954 13.101852359565447 19.36513898099957 0.2101994712778762 0.8228379071280834
293 2930 0.3351848201594263 0 301.96309423765035 -3.8674548450766615 6.469213777626397 0.13469184630583056 0.45553201522810616 13.058518145184033 19.308057179891705 0.20839402247283945 0.7193405345370774
294 2940 0.29567553320544804 0 301.9610309883072 -3.910172761904096 6.579257649572581 0.13205757192483358 0.7548407164166917 13.143563355530631 19.519205249338654 0.20726624890544942 0.5715614786576448
295 2950 0.2620820755151595 0 301.96147296212035 -3.8875629248078685 6.6397285424382915 0.13035189625447666 0.8621050148407494 13.132403789802732 19.529875798805612 0.21036077305838818 0.6120007579117217
296 2960 0.23179023373028962 0 301.96251185898484 -3.9059566419594622 6.516359006949858 0.13145020761612763 0.6350928483327258 13.025293586311424 19.636786803293944 0.20450935965608752 0.6703327609141183
297 2970 0.2006754437856788 0 301.9607377322836 -3.893639028127082 6.555392806702916 0.1329142096020866 0.5394658365413114 13.095592248668213 19.468362301784502 0.20753896781905612 0.5975122342128614
298 2980 0.19487878598321168 0 301.96137240425435 -3.8494964980575443 6.667903424606395 0.1293607212016117 0.6327575166997732 13.045097404275845 19.334694214356404 0.21218122921842097 0.7919819340379852
299 2990 0.17330141982698324 0 301.96086076533777 -3.8368681703435095 6.581009047092763 0.1312626974937601 0.7919024701598907 12.986413919256345 19.437001015049002 0.20866173226667473 0.7974625070732777
300 3000 0.15101068189354885 0 301.9607717994998 -3.844755194199495 6.57063179945985 0.13180960723093532 0.6965126015707586 13.04889434210383 19.470866210997613 0.21028718257221402 0.7722476855209333
301 3010 0.12741466051841077 0 301.96061152636776 -3.8389184833776167 6.567768733599188 0.13206269883859562 0.7239484554041062 13.023191935558174 19.43291914158675 0.20881851835651022 0.7737480833188168
302 3020 0.11175025134956992 0 301.9605597380548 -3.856286846634753 6.594750859948838 0.13186985731707856 0.6464296785530308 13.025129675756022 19.39152961960395 0.21001429481431588 0.7807096554282527
303 3030 0.10237444059625066 0 301.9606182513595 -3.8703851822295707 6.61079440708782 0.13135405356068203 0.6303734034433688 13.03595877043841 19.368576054637096 0.21082352137705274 0.7275910907933916
304 3040 0.10392928895583385 0 301.96046832115985 -3.873344638723339 6.590408634718536 0.1310314545995739 0.48634250503199494 13.091411718881668 19.451952994129016 0.20993952953448203 0.6678871453935098
305 3050 0.09565402831516408 0 301.96045209425165 -3.890003422868225 6.574033099488601 0.13153460631804814 0.5320282895420021 13.058717960418955 19.378096566999535 0.21056011555315168 0.6897494125607888
306 3060 0.10435131387330092 0 301.96061113031124 -3.9142567163419915 6.5735051990718905 0.13229512565993085 0.6188224686293562 13.11128772510189 19.457168890142984 0.2095142567621494 0.6418103761330307
307 3070 0.10642061019561884 0 301.96044736173064 -3.9004500445261874 6.5500226281377545 0.13224747089245878 0.4515227077122179 13.055742735137297 19.41839526579607 0.209359847041943 0.6885906525567627
308 3080 0.1032312977513507 0 301.96054891775003 -3.8848276119224345 6.519004588782824 0.13213545874182087 0.48215344553577344 13.028973059041627 19.466720355846757 0.20915573549510358 0.7002740091475921
309 3090 0.10249213503857217 0 301.9604353647297 -3.8602168844089544 6.554599492402263 0.1316040480020877 0.5760482733297774 13.048037422881093 19.497665255149897 0.20871363096475692 0.7295482900517551
310 3100 0.08863977344437095 0 301.96037016913704 -3.885798622018814 6.5292724553388295 0.13224843221369043 0.5816921956860017 13.063410812903111 19.507591009246255 0.20926456368289836 0.6862330607292602
311 3110 0.0851544383630451 0 301.960520491025 -3.866364823807759 6.534398751049078 0.1324375289404468 0.4838167217379836 13.025675478966367 19.444001379435033 0.20850043454131184 0.7524693908952258
312 3120 0.0754533781907142 0 301.96031968908034 -3.875985002218299 6.555880435401721 0.13157927564658092 0.5383007757744067 13.070454573273068 19.475829333175927 0.20911260665952158 0.7003550533532443
313 3130 0.07031380803132403 0 301.96033979093346 -3.895435333095681 6.5627595764927085 0.1316440411567593 0.5154938305293573 13.082038815475997 19.432831456400613 0.20963880482425667 0.6647886269292111
314 3140 0.06786798829924742 0 301.96032337333764 -3.9097371145578594 6.547479620920947 0.13184557656124876 0.562698641780943 13.101488584599268 19.496085032622684 0.2090844075363606 0.6195230117487174
315 3150 0.06307535407626755 0 301.9603112286492 -3.890265149593478 6.556828987005774 0.1317061397608282 0.5621372172085948 13.061903594764871 19.462824004597167 0.20925755279951164 0.6856126235845774
316 3160 0.05931757626010283 0 301.9603020538076 -3.9042315360527575 6.546552010038824 0.13196835379504776 0.5664960949473581 13.097957742836156 19.49654892002721 0.2091678394194979 0.6354357721954915
317 3170 0.052826072405233876 0 301.9602835775296 -3.889039707569276 6.553775515684931 0.13176554676237434 0.6010407167666798 13.077631172149209 19.48931084722357 0.20923083962039402 0.6636397771417151
318 3180 0.046963922100220955 0 301.96028946943363 -3.895146677812282 6.549954107751992 0.13190039382309315 0.5518754921038258 13.084339303980066 19.473652625890377 0.209066154529706 0.6532205173955166
319 3190 0.04223897071753239 0 301.9602986431411 -3.898061824423798 6.546510028787858 0.13170816674451355 0.5397509822943174 13.090983471921465 19.52240977855629 0.20886280057225692 0.648534840383715
320 3200 0.036511528511486785 0 301.96028055041086 -3.892832710269691 6.543994363342547 0.1318819594621237 0.5563483926986457 13.092783680562905 19.51183647757648 0.20900254820766906 0.6449296456881093
321 3210 0.032258107292339834 0 301.96028307575483 -3.899855311722737 6.541100902396207 0.13197200796913164 0.5443331192115142 13.091026460341718 19.51123411799458 0.20881637905985218 0.641073276735409
322 3220 0.03003031101783044 0 301.9602805289826 -3.8924988666520544 6.551929403132012 0.13173839593871253 0.5477057941913823 13.081275871562708 19.48106459767785 0.2092068191865103 0.6670562389247177
323 3230 0.030399270403789452 0 301.9602806692578 -3.8897519042072095 6.546983129609675 0.13188930354068676 0.5446153572333301 13.080847355392114 19.475257260537962 0.20923896122244445 0.6708671313173056
324 3240 0.02812582450927356 0 301.9602788097764 -3.8888221916099828 6.544415152195681 0.13188019690043637 0.5524791285348154 13.080963728415387 19.48481794253689 0.20919872851499266 0.6657539633439675
325 3250 0.024400748418442895 0 301.96027560362285 -3.890980401884953 6.546944660090286 0.13186595843143634 0.5404081052425329 13.086107488917857 19.492961151558525 0.2091438564294258 0.6610670350368213
326 3260 0.02272066014858089 0 301.9602784307958 -3.889778071585489 6.538607978825527 0.13205418942961444 0.5407547402946207 13.079755879502612 19.50316731939558 0.20893397508470957 0.6670757172416255
327 3270 0.02102894550774027 0 301.9602738691502 -3.8912606908026124 6.545293032322541 0.1319823465134739 0.5366849293074434 13.084578895126961 19.49813066981048 0.20894361520765659 0.6595125564010569
328 3280 0.01890138559242635 0 301.960275027854 -3.8905020085147903 6.547024293338807 0.13198270654409355 0.5274630583280995 13.083732075317913 19.492545796752424 0.2089426236991493 0.6618096061211396
329 3290 0.017122852492522513 0 301.96027507714666 -3.890334593754559 6.54716826790403 0.13195403834726746 0.5513277235064116 13.085374170975324 19.49928878118373 0.20896848790748168 0.6562597857669885
330 3300 0.01655714573041825 0 301.9602738725267 -3.8917978908393294 6.54363863808254 0.13195010762706888 0.5330414527654568 13.082227223866658 19.496164619233728 0.2089513462546876 0.6576856844980223
331 3310 0.017251844496563733 0 301.9602756132752 -3.892506625186472 6.540395084927186 0.1319845214039263 0.5281773892630344 13.083054534822143 19.496469274402326 0.20892666782116154 0.649795300906338
332 3320 0.016333053628855388 0 301.9602753675107 -3.8895176732242938 6.541884997961855 0.13196636819811705 0.5328198223702596 13.081269308102968 19.500936324170286 0.20886628352790526 0.6595212797809544
333 3330 0.013627365272078184 0 301.9602742390141 -3.8896890680234697 6.546839349014818 0.13193429169739151 0.5442461653739243 13.08000587862651 19.49068860720994 0.2089971459048613 0.6622201969929591
334 3340 0.012977065644933521 0 301.96027426363634 -3.890647006513384 6.547204004014015 0.1319129830745483 0.5345968459976802 13.0846459578595 19.494258628929604 0.20905442109519046 0.6608464197391519
335 3350 0.011968839474580191 0 301.9602737726108 -3.89129939447941 6.545024701528702 0.13195005442039187 0.5356765383186388 13.084748478655799 19.496636164097044 0.20902170319679814 0.6594887291921541
336 3360 0.01074905732618635 0 301.96027372550554 -3.8914404553285156 6.544672370977653 0.1319633811349223 0.5457090509421032 13.08537446951557 19.49938955908066 0.20896753740444185 0.6537794139355266
337 3370 0.00996131823029868 0 301.96027394860835 -3.8925918100340735 6.544616679525133 0.13191100051085228 0.5360496365091165 13.085191077849027 19.495158652168787 0.20900343637413388 0.6501539411948041
338 3380 0.009322642513760226 0 301.9602738718485 -3.891610500943165 6.545029227056602 0.13198292065575756 0.5351238025104912 13.08253913656835 19.494187692748852 0.20895839217446055 0.6585240222017912
339 3390 0.009151331179994076 0 301.96027366904195 -3.8915772805488036 6.5442595016631335 0.13196947118405525 0.5469643516344156 13.082494994671233 19.494543843801786 0.20898784656908875 0.6566815372880661
340 3400 0.007904986888632464 0 301.9602734819226 -3.8912084099875215 6.544248810155442 0.1319657776455423 0.5342296917416032 13.083574653368686 19.497412294156813 0.20893933073676296 0.657867376459129
341 3410 0.00759527445776867 0 301.9602735002752 -3.8910954328855696 6.544398676731715 0.13194772921325723 0.5352634679197787 13.082909193416292 19.49728806583239 0.20898251420619263 0.659511182525027
342 3420 0.007042077686807247 0 301.9602734608456 -3.891539622120383 6.544772486644772 0.13193391064572052 0.5356044573240168 13.083740049363195 19.49713269673681 0.2089620105382345 0.6575200974029485
343 3430 0.006744176389608656 0 301.96027352084286 -3.891741139385119 6.54487193587199 0.13193186685326158 0.5398640880944103 13.083388553297379 19.496568195789006 0.2090022793432077 0.6576687663103022
344 3440 0.006426916932669311 0 301.9602734328101 -3.891294810593007 6.5448153353843 0.1319368422224938 0.5408592536007386 13.083987094553013 19.497274661041335 0.20898262652837618 0.6579733038289326
345 3450 0.006304255597968018 0 301.9602734918235 -3.89125084372878 6.5454866811149035 0.1319316095445838 0.5379466565959301 13.083736040881357 19.49606014915062 0.2090046238311679 0.6616209023676631
346 3460 0.005724696563274606 0 301.9602735056425 -3.8919453606968872 6.543301772043586 0.13195576957729468 0.5409834173807571 13.084781345653372 19.49954521106057 0.2089481663347762 0.6566937892020863
347 3470 0.005110437686261686 0 301.9602734298684 -3.8914515742385642 6.544669165344634 0.1319517161556835 0.5440349263798943 13.083523890295364 19.49625688684329 0.2089672656155962 0.6583702735891144
348 3480 0.004308148644128961 0 301.96027342034483 -3.8917656736378774 6.544415668073849 0.13195745190687555 0.5388789331820181 13.084332691972605 19.49828068288383 0.20895435309396648 0.6587789419921364
349 3490 0.0037747084288476244 0 301.9602734380236 -3.891679498310829 6.544194391001549 0.1319515448624662 0.5409918049771896 13.084624185554052 19.497685781823474 0.20897343980527483 0.6577137929023074
350 3500 0.003470968639693511 0 301.9602734162727 -3.8916494222644067 6.544447599883356 0.13194396903925637 0.5426266283210708 13.083778351887435 19.49692570369124 0.20897410964796637 0.658865135655639
351 3510 0.0031167468183861654 0 301.9602734209974 -3.891678287501039 6.544135900410382 0.13194681696427166 0.5415828292227018 13.084004894965762 19.49789152639652 0.2089727872378987 0.6584785006401652
352 3520 0.0027330691049912083 0 301.96027341844837 -3.8919305467258076 6.544252800104758 0.13194861541513486 0.5384944265903495 13.084367673009387 19.498069754486266 0.20896333639947218 0.6591701223215576
353 3530 0.002504441262773026 0 301.9602733999852 -3.8915614391939934 6.5443946290008554 0.13195252545867173 0.5425929790682928 13.083782111574374 19.4972992872106 0.20896551962808874 0.6588671637868007
